A	0.005768	0.005768	0.005768	0.005768	0.005768	0.005768
B	0.004567	0.004567	0.004567	0.004567	0.004567	0.004567
C	0.002835	0.002835	0.002835	0.002835	0.002835	0.002835
D	0.006900	0.006900	0.006900	0.006900	0.006900	0.006900
E	0.010273	0.919364	0.010273	0.010273	0.919364	0.919364
F	0.002487	0.002487	0.002487	0.002487	0.002487	0.002487
G	0.001879	0.001879	0.001879	0.001879	0.001879	0.001879
H	0.003032	0.003032	0.003032	0.003032	0.003032	0.003032
I	0.921600	0.012509	0.921600	0.921600	0.012509	0.012509
J	0.004015	0.004015	0.004015	0.004015	0.004015	0.004015
K	0.003209	0.003209	0.003209	0.003209	0.003209	0.003209
L	0.006362	0.006362	0.006362	0.006362	0.006362	0.006362
M	0.012936	0.012936	0.012936	0.012936	0.012936	0.012936
N	0.004819	0.004819	0.004819	0.004819	0.004819	0.004819
O	0.003270	0.003270	0.003270	0.003270	0.003270	0.003270
P	0.006048	0.006048	0.006048	0.006048	0.006048	0.006048
