A	0.000703	0.000703	0.000703	0.000703	0.000703	0.000703
B	0.002835	0.002835	0.002835	0.002835	0.002835	0.002835
C	0.004567	0.913658	0.004567	0.004567	0.004567	0.004567
D	0.004065	0.004065	0.004065	0.004065	0.004065	0.004065
E	0.001245	0.001245	0.001245	0.001245	0.001245	0.001245
F	0.001703	0.001703	0.001703	0.001703	0.001703	0.001703
G	0.004953	0.004953	0.004953	0.004953	0.004953	0.004953
H	0.000292	0.000292	0.000292	0.000292	0.000292	0.000292
I	0.001879	0.001879	0.001879	0.001879	0.001879	0.001879
J	0.911578	0.002487	0.911578	0.002487	0.002487	0.002487
K	0.006987	0.006987	0.006987	0.006987	0.006987	0.006987
L	0.000530	0.000530	0.000530	0.000530	0.000530	0.000530
M	0.003281	0.003281	0.003281	0.003281	0.003281	0.003281
N	0.002209	0.002209	0.002209	0.002209	0.002209	0.002209
O	0.000455	0.000455	0.000455	0.000455	0.000455	0.000455
P	0.003209	0.003209	0.003209	0.003209	0.003209	0.003209
Q	0.004015	0.004015	0.004015	0.913105	0.004015	0.004015
R	0.006884	0.006884	0.006884	0.006884	0.006884	0.006884
S	0.000926	0.000926	0.000926	0.000926	0.000926	0.000926
T	0.005629	0.005629	0.005629	0.005629	0.005629	0.005629
U	0.004980	0.004980	0.004980	0.004980	0.004980	0.004980
V	0.000655	0.000655	0.000655	0.000655	0.000655	0.000655
W	0.003270	0.003270	0.003270	0.003270	0.003270	0.003270
X	0.004819	0.004819	0.004819	0.004819	0.913910	0.004819
Y	0.007975	0.007975	0.007975	0.007975	0.007975	0.007975
Z	0.001135	0.001135	0.001135	0.001135	0.001135	0.001135
a	0.004965	0.004965	0.004965	0.004965	0.004965	0.914055
b	0.004257	0.004257	0.004257	0.004257	0.004257	0.004257
