A	0.000000	0.000000	0.631654	0.000000	0.000000	0.000000
B	0.000001	0.000001	0.000001	0.000001	0.000001	0.000001
C	0.000001	0.000001	0.000001	0.000001	0.000001	0.000001
D	0.000001	0.000001	0.036315	0.000053	0.506853	0.000125
E	0.000000	0.000000	0.331890	0.000000	0.000000	0.000000
F	0.000000	0.000000	0.000000	0.000000	0.000000	0.000000
G	0.000001	0.000001	0.000001	0.000001	0.000001	0.000001
H	0.000000	0.000000	0.000000	0.000000	0.000000	0.000000
I	0.000000	0.000000	0.000000	0.000000	0.000000	0.000000
J	0.000000	0.000000	0.000000	0.000000	0.000000	0.000000
K	0.000001	0.002795	0.000001	0.000001	0.000001	0.506448
L	0.000000	0.000000	0.000000	0.000000	0.000000	0.000000
M	0.000001	0.000001	0.000001	0.000001	0.000001	0.000001
N	0.000000	0.000000	0.000000	0.000000	0.000000	0.000000
O	0.000000	0.000000	0.000125	0.000000	0.000000	0.000000
P	0.000001	0.000001	0.000001	0.000001	0.000001	0.000001
Q	0.000001	0.000001	0.000001	0.000001	0.000001	0.000001
R	0.999983	0.000001	0.000001	0.000001	0.491624	0.493412
S	0.000000	0.000000	0.000000	0.000000	0.000000	0.000000
T	0.000001	0.000001	0.000001	0.000001	0.000001	0.000001
U	0.000001	0.000001	0.000001	0.000001	0.000001	0.000001
V	0.000000	0.000000	0.000000	0.631727	0.000000	0.000000
W	0.000001	0.000001	0.000001	0.000001	0.000001	0.000001
X	0.000001	0.000001	0.000001	0.000001	0.000001	0.000001
Y	0.000002	0.997190	0.000002	0.368205	0.001509	0.000002
Z	0.000000	0.000000	0.000000	0.000000	0.000000	0.000000
a	0.000001	0.000001	0.000001	0.000001	0.000001	0.000001
b	0.000001	0.000001	0.000001	0.000001	0.000001	0.000001
