A	0.000010	0.000010	0.000010	0.000010	0.999850	0.000010
B	0.000008	0.000008	0.000008	0.000008	0.000008	0.000008
C	0.000005	0.000005	0.000005	0.000005	0.000005	0.000005
D	0.000012	0.000226	0.999140	0.002385	0.000012	0.000012
E	0.000018	0.000022	0.000031	0.000069	0.000018	0.000020
F	0.000004	0.000004	0.000004	0.000004	0.000004	0.000004
G	0.000003	0.000003	0.000003	0.000003	0.000003	0.000003
H	0.000031	0.107684	0.000005	0.000005	0.000005	0.000005
I	0.939264	0.000022	0.000047	0.000022	0.000022	0.999860
J	0.000007	0.000007	0.000007	0.000007	0.000007	0.000007
K	0.000006	0.000006	0.000006	0.000006	0.000006	0.000006
L	0.060433	0.000017	0.000472	0.000011	0.000011	0.000011
M	0.000023	0.281678	0.000237	0.997439	0.000023	0.000023
N	0.000008	0.000008	0.000008	0.000008	0.000008	0.000008
O	0.000006	0.000006	0.000006	0.000006	0.000006	0.000006
P	0.000161	0.610293	0.000011	0.000011	0.000011	0.000011
