A	0.000006	0.000006	0.000006	0.000006	0.000006	0.000006
B	0.999912	0.999912	0.018194	0.999912	0.999912	0.000004
C	0.000002	0.000002	0.000002	0.000002	0.000002	0.000002
D	0.000008	0.000008	0.000008	0.000008	0.000008	0.000008
E	0.000013	0.000013	0.000013	0.000013	0.000013	0.000013
F	0.000002	0.000002	0.188952	0.000002	0.000002	0.202146
G	0.000001	0.000001	0.000001	0.000001	0.000001	0.000001
H	0.000004	0.000004	0.000004	0.000004	0.000004	0.000004
I	0.000013	0.000013	0.000013	0.000013	0.000013	0.000013
J	0.000004	0.000004	0.372216	0.000004	0.000004	0.128312
K	0.000002	0.000002	0.000002	0.000002	0.000002	0.000002
L	0.000008	0.000008	0.000008	0.000008	0.000008	0.000008
M	0.000013	0.000013	0.000013	0.000013	0.000013	0.000013
N	0.000004	0.000004	0.420559	0.000004	0.000004	0.669460
O	0.000002	0.000002	0.000002	0.000002	0.000002	0.000002
P	0.000006	0.000006	0.000006	0.000006	0.000006	0.000006
