A	0.000022	0.000022	0.000022	0.000449	0.000022	0.000022
B	0.000013	0.000013	0.000013	0.000013	0.000013	0.000013
C	0.002220	0.000108	0.106675	0.003700	0.000006	0.000006
D	0.000028	0.000028	0.000028	0.000028	0.000028	0.000454
E	0.002257	0.000044	0.029765	0.002257	0.000044	0.915486
F	0.000008	0.000008	0.000008	0.000008	0.000008	0.000008
G	0.004747	0.003606	0.000693	0.012286	0.000005	0.000005
H	0.000013	0.000013	0.000013	0.000013	0.000013	0.000013
I	0.000045	0.000045	0.000376	0.953219	0.999725	0.001241
J	0.000013	0.000013	0.000013	0.000013	0.000013	0.000013
K	0.148935	0.000363	0.077370	0.000466	0.000009	0.000009
L	0.000027	0.000027	0.000027	0.000027	0.000027	0.000027
M	0.020396	0.000044	0.049180	0.021299	0.000044	0.082659
N	0.000013	0.000013	0.000013	0.000013	0.000013	0.000013
O	0.821240	0.995631	0.735780	0.006185	0.000007	0.000007
P	0.000023	0.000023	0.000023	0.000023	0.000023	0.000023
