A	0.000002	0.000002	0.000002	0.000002	0.000002	0.000002
B	0.000005	0.000005	0.000005	0.000005	0.000005	0.000005
C	0.000012	0.000012	0.000012	0.999728	0.000012	0.059519
D	0.000013	0.000013	0.000013	0.000013	0.000013	0.000013
E	0.000005	0.000005	0.000005	0.000005	0.000005	0.000005
F	0.000007	0.000007	0.000007	0.000007	0.000007	0.000822
G	0.000018	0.000018	0.000018	0.000018	0.000018	0.000018
H	0.000001	0.000001	0.000001	0.000001	0.000001	0.000001
I	0.000004	0.000004	0.000004	0.000004	0.000004	0.000004
J	0.999724	0.999724	0.000007	0.000007	0.999724	0.340023
K	0.000026	0.000026	0.000026	0.000026	0.000026	0.000026
L	0.000002	0.000002	0.000002	0.000002	0.000002	0.000002
M	0.000013	0.000013	0.000013	0.000013	0.000013	0.000013
N	0.000008	0.000008	0.000008	0.000008	0.000008	0.000008
O	0.000002	0.000002	0.000002	0.000002	0.000002	0.000002
P	0.000008	0.000008	0.000008	0.000008	0.000008	0.000008
Q	0.000012	0.000012	0.000012	0.000012	0.000012	0.598797
R	0.000019	0.000019	0.000019	0.000019	0.000019	0.000019
S	0.000003	0.000003	0.000003	0.000003	0.000003	0.000003
T	0.000020	0.000020	0.000020	0.000020	0.000020	0.000398
U	0.000019	0.000019	0.000019	0.000019	0.000019	0.000019
V	0.000002	0.000002	0.000002	0.000002	0.000002	0.000002
W	0.000006	0.000006	0.000006	0.000006	0.000006	0.000006
X	0.000012	0.000012	0.999728	0.000012	0.000012	0.000044
Y	0.000023	0.000023	0.000023	0.000023	0.000023	0.000023
Z	0.000004	0.000004	0.000004	0.000004	0.000004	0.000004
a	0.000017	0.000017	0.000017	0.000017	0.000017	0.000199
b	0.000014	0.000014	0.000014	0.000014	0.000014	0.000014
