A	0.152339	0.999796	0.000002	0.000002	0.000002	0.009976
B	0.000004	0.000004	0.000004	0.000004	0.000004	0.000004
C	0.000009	0.000009	0.000009	0.000009	0.000009	0.001708
D	0.000010	0.000010	0.000010	0.697898	0.000010	0.002859
E	0.000003	0.000003	0.000003	0.000003	0.000003	0.000003
F	0.000005	0.000005	0.000005	0.000005	0.000005	0.000005
G	0.000013	0.000013	0.000013	0.000013	0.004287	0.005300
H	0.000001	0.000001	0.000001	0.000001	0.000001	0.000001
I	0.000003	0.000003	0.000003	0.000003	0.000003	0.000003
J	0.000005	0.000005	0.000005	0.000005	0.000005	0.000005
K	0.846335	0.000019	0.999813	0.000019	0.763111	0.311918
L	0.000002	0.000002	0.000002	0.000002	0.000002	0.000002
M	0.000009	0.000009	0.000009	0.000009	0.000009	0.000009
N	0.000006	0.000006	0.000006	0.000006	0.000006	0.002856
O	0.001141	0.000001	0.000001	0.000001	0.000001	0.006941
P	0.000006	0.000006	0.000006	0.000006	0.000006	0.000006
Q	0.000009	0.000009	0.000009	0.000009	0.000009	0.359138
R	0.000014	0.000014	0.000014	0.293371	0.000014	0.000014
S	0.000002	0.000002	0.000002	0.000002	0.000002	0.000002
T	0.000015	0.000015	0.000015	0.000015	0.000015	0.000015
U	0.000014	0.000014	0.000014	0.000014	0.000014	0.020026
V	0.000001	0.000001	0.000001	0.000001	0.008551	0.005701
W	0.000005	0.000005	0.000005	0.000005	0.000005	0.000005
X	0.000009	0.000009	0.000009	0.000009	0.000009	0.000009
Y	0.000017	0.000017	0.000017	0.008566	0.223895	0.270029
Z	0.000003	0.000003	0.000003	0.000003	0.000003	0.000003
a	0.000012	0.000012	0.000012	0.000012	0.000012	0.000012
b	0.000010	0.000010	0.000010	0.000010	0.000010	0.003451
