A	0.006348	0.006348	0.006348	0.006348	0.006348	0.006348
B	0.912858	0.003767	0.003767	0.003767	0.912858	0.003767
C	0.001754	0.001754	0.001754	0.001754	0.001754	0.001754
D	0.007877	0.007877	0.007877	0.007877	0.007877	0.007877
E	0.012383	0.012383	0.012383	0.012383	0.012383	0.012383
F	0.002174	0.911265	0.002174	0.002174	0.002174	0.002174
G	0.001334	0.001334	0.001334	0.001334	0.001334	0.001334
H	0.003652	0.003652	0.003652	0.003652	0.003652	0.003652
I	0.012692	0.012692	0.012692	0.012692	0.012692	0.012692
J	0.003841	0.003841	0.003841	0.912932	0.003841	0.003841
K	0.002434	0.002434	0.002434	0.002434	0.002434	0.002434
L	0.007783	0.007783	0.007783	0.007783	0.007783	0.007783
M	0.012655	0.012655	0.012655	0.012655	0.012655	0.921746
N	0.003769	0.003769	0.912860	0.003769	0.003769	0.003769
O	0.002041	0.002041	0.002041	0.002041	0.002041	0.002041
P	0.006406	0.006406	0.006406	0.006406	0.006406	0.006406
