A	0.000035	0.018272	0.296527	0.000035
B	0.000024	0.000024	0.000024	0.000024
C	0.000014	0.000096	0.002316	0.000014
D	0.000044	0.010136	0.022665	0.000044
E	0.999522	0.021173	0.115950	0.000069
F	0.000011	0.000011	0.000011	0.000011
G	0.000009	0.001582	0.001582	0.000009
H	0.000017	0.002771	0.023170	0.000017
I	0.000084	0.923120	0.357541	0.000084
J	0.000026	0.000026	0.000026	0.000026
K	0.000019	0.005547	0.008499	0.000019
L	0.000049	0.000049	0.080810	0.000049
M	0.000075	0.015727	0.000075	0.999529
N	0.000022	0.000022	0.000022	0.000022
O	0.000015	0.000058	0.007808	0.000015
P	0.000033	0.001386	0.082973	0.000033
