A	0.000269	0.000410	0.002423	0.155962
B	0.000297	0.000001	0.000001	0.001117
C	0.000265	0.000000	0.000000	0.000672
D	0.002429	0.001720	0.001372	0.013776
E	0.880830	0.000002	0.026620	0.089098
F	0.001587	0.000000	0.000000	0.000703
G	0.000069	0.000000	0.000000	0.000140
H	0.004011	0.000122	0.006942	0.004429
I	0.014578	0.990586	0.000003	0.218049
J	0.001812	0.000001	0.000001	0.012824
K	0.000253	0.000070	0.000001	0.005739
L	0.008650	0.004905	0.000481	0.406784
M	0.077146	0.001434	0.948658	0.061808
N	0.003693	0.000001	0.000001	0.001832
O	0.000128	0.000154	0.000000	0.001912
P	0.003983	0.000594	0.013497	0.025155
