A	0.266212	0.000019	0.134666	0.000019	0.000019
B	0.001231	0.000013	0.000013	0.000013	0.044368
C	0.002803	0.000007	0.000850	0.000007	0.001481
D	0.013341	0.000023	0.017946	0.000023	0.016318
E	0.000087	0.999744	0.000037	0.999744	0.000678
F	0.001631	0.000006	0.000006	0.000006	0.000028
G	0.000055	0.000005	0.000005	0.000005	0.000005
H	0.000009	0.000009	0.000018	0.000009	0.000014
I	0.542665	0.000045	0.763244	0.000045	0.829131
J	0.014507	0.000014	0.000014	0.000014	0.041255
K	0.024051	0.000010	0.006103	0.000010	0.003790
L	0.006077	0.000026	0.056704	0.000026	0.000026
M	0.076661	0.000040	0.019814	0.000040	0.043673
N	0.005939	0.000012	0.000012	0.000012	0.008866
O	0.009250	0.000008	0.000101	0.000008	0.000008
P	0.035483	0.000018	0.000466	0.000018	0.010340
