A	0.008636	0.000002	0.000002	0.017525
B	0.038155	0.007732	0.000010	0.039686
C	0.000001	0.000001	0.000001	0.000001
D	0.000002	0.000002	0.000002	0.000002
E	0.039065	0.000003	0.000003	0.034176
F	0.154646	0.000001	0.002979	0.005620
G	0.000000	0.000000	0.000000	0.000000
H	0.000001	0.000001	0.000001	0.000001
I	0.025731	0.000004	0.000004	0.278402
J	0.506781	0.917569	0.010844	0.488739
K	0.000001	0.000001	0.000001	0.000001
L	0.000002	0.000002	0.000002	0.000002
M	0.011073	0.000004	0.000004	0.080906
N	0.215904	0.074675	0.986145	0.054936
O	0.000001	0.000001	0.000001	0.000001
P	0.000002	0.000002	0.000002	0.000002
