A	0.000001	0.000001	0.000001	0.000001
B	0.000002	0.000002	0.000002	0.000002
C	0.000003	0.000003	0.000003	0.000508
D	0.005551	0.000003	0.016928	0.068658
E	0.084437	0.144182	0.137875	0.021495
F	0.060370	0.011359	0.000071	0.003349
G	0.000004	0.000004	0.000004	0.001224
H	0.000000	0.000000	0.000000	0.000000
I	0.000001	0.000001	0.000001	0.000001
J	0.000002	0.000002	0.000002	0.000002
K	0.006361	0.000006	0.037266	0.102271
L	0.022896	0.188673	0.072036	0.047337
M	0.174522	0.143202	0.006499	0.019266
N	0.000002	0.000002	0.000002	0.000002
O	0.000000	0.000000	0.000000	0.000000
P	0.000003	0.000003	0.000003	0.000003
Q	0.000004	0.000004	0.000004	0.001013
R	0.007466	0.000015	0.139963	0.138923
S	0.250073	0.072420	0.367465	0.231204
T	0.112974	0.025741	0.065855	0.083767
U	0.008561	0.000005	0.000005	0.021782
V	0.000000	0.000000	0.000000	0.000000
W	0.000002	0.000002	0.000002	0.000002
X	0.000003	0.000003	0.000003	0.000003
Y	0.003443	0.000006	0.033100	0.164380
Z	0.034152	0.324123	0.111273	0.053769
a	0.228997	0.090234	0.011635	0.038619
b	0.000170	0.000003	0.000003	0.002421
