A	0.000002	0.000002	0.000002	0.000002	0.000002
B	0.000006	0.000006	0.000006	0.000006	0.000006
C	0.000010	0.141484	0.108484	0.012582	0.000010
D	0.026733	0.541695	0.035025	0.000010	0.000010
E	0.000003	0.000003	0.000003	0.000003	0.000003
F	0.000005	0.000005	0.000005	0.000005	0.000005
G	0.000014	0.000014	0.000014	0.000014	0.000014
H	0.000001	0.000001	0.000001	0.000001	0.000001
I	0.000004	0.000004	0.000004	0.000004	0.000004
J	0.000005	0.000005	0.129066	0.085971	0.049905
K	0.730663	0.013253	0.112547	0.000020	0.000020
L	0.000001	0.000001	0.000001	0.000001	0.000001
M	0.000010	0.000010	0.000010	0.000010	0.000010
N	0.006898	0.000005	0.000005	0.000005	0.000005
O	0.000001	0.000001	0.000001	0.000001	0.000001
P	0.000008	0.000008	0.000008	0.000008	0.000008
Q	0.000012	0.029900	0.141553	0.830765	0.911421
R	0.165379	0.193154	0.005065	0.000020	0.000020
S	0.000003	0.000003	0.000003	0.000003	0.000003
T	0.000017	0.000017	0.000017	0.000017	0.000017
U	0.000716	0.000017	0.000017	0.000017	0.000017
V	0.000001	0.000001	0.000001	0.000001	0.000001
W	0.001660	0.000006	0.000006	0.000006	0.000006
X	0.000010	0.046808	0.398022	0.070481	0.038462
Y	0.067811	0.033567	0.070107	0.000019	0.000019
Z	0.000003	0.000003	0.000003	0.000003	0.000003
a	0.000014	0.000014	0.000014	0.000014	0.000014
b	0.000011	0.000011	0.000011	0.000011	0.000011
