A	0.000001	0.000001	0.000001	0.000001
B	0.000003	0.000003	0.000003	0.000003
C	0.047108	0.031052	0.000006	0.000006
D	0.000006	0.000006	0.000006	0.000006
E	0.000002	0.000002	0.000002	0.000002
F	0.000003	0.000003	0.000003	0.051282
G	0.000008	0.000008	0.000008	0.000008
H	0.000000	0.000000	0.000000	0.000000
I	0.000002	0.000002	0.000002	0.000002
J	0.086662	0.000003	0.009593	0.000003
K	0.000012	0.000012	0.000012	0.000012
L	0.000001	0.000001	0.000001	0.000001
M	0.000006	0.000006	0.028352	0.032597
N	0.000003	0.000003	0.000003	0.000003
O	0.000001	0.000001	0.000001	0.000001
P	0.000005	0.000005	0.000005	0.000005
Q	0.752217	0.901671	0.024188	0.134442
R	0.000012	0.000012	0.000012	0.000012
S	0.000002	0.000002	0.000002	0.000002
T	0.000010	0.000010	0.000010	0.726532
U	0.000010	0.000010	0.000010	0.000010
V	0.000001	0.000001	0.000001	0.000001
W	0.000004	0.000004	0.000004	0.000004
X	0.113895	0.067156	0.884564	0.000006
Y	0.000011	0.000011	0.000011	0.000011
Z	0.000002	0.000002	0.000002	0.000002
a	0.000008	0.000008	0.053194	0.055041
b	0.000006	0.000006	0.000006	0.000006
