A	0.005298	0.000000	0.000000	0.003973
B	0.000001	0.000001	0.000001	0.000001
C	0.000002	0.000002	0.000002	0.000002
D	0.000002	0.000002	0.000002	0.000002
E	0.001348	0.000001	0.000001	0.000001
F	0.107581	0.000001	0.000001	0.081036
G	0.029814	0.000002	0.000002	0.000002
H	0.000000	0.000000	0.000000	0.008441
I	0.000001	0.000001	0.000001	0.000001
J	0.000001	0.000001	0.000001	0.000001
K	0.000004	0.000004	0.000004	0.000004
L	0.000000	0.000000	0.000000	0.014422
M	0.119377	0.295135	0.000002	0.416628
N	0.000001	0.023046	0.000001	0.029503
O	0.008147	0.000000	0.052072	0.013842
P	0.000001	0.000001	0.000001	0.000001
Q	0.033154	0.000002	0.000002	0.000002
R	0.000004	0.000004	0.000004	0.000004
S	0.000001	0.000001	0.000001	0.028292
T	0.078394	0.000003	0.947889	0.000003
U	0.227819	0.130476	0.000003	0.027095
V	0.002761	0.000000	0.000000	0.015703
W	0.000001	0.000001	0.000001	0.000001
X	0.000002	0.000002	0.000002	0.000002
Y	0.000003	0.000003	0.000003	0.000003
Z	0.000000	0.000000	0.000000	0.032496
a	0.278597	0.509473	0.000002	0.328538
b	0.107688	0.041837	0.000002	0.000002
