A	0.002834	0.006945	0.000000	0.002055	0.000000
B	0.001686	0.000001	0.000001	0.000001	0.000001
C	0.000001	0.000001	0.000001	0.000001	0.007255
D	0.013307	0.192580	0.000001	0.018917	0.125445
E	0.077309	0.000000	0.000000	0.000000	0.000000
F	0.000248	0.000001	0.000001	0.000001	0.000001
G	0.000002	0.000002	0.000002	0.000002	0.000002
H	0.008791	0.000000	0.019799	0.000000	0.000040
I	0.000001	0.000001	0.000001	0.000001	0.000001
J	0.000001	0.000001	0.000001	0.000001	0.000512
K	0.369586	0.000003	0.866195	0.000003	0.235001
L	0.028327	0.000000	0.000000	0.000000	0.000000
M	0.020578	0.000001	0.000001	0.000001	0.000001
N	0.000611	0.000001	0.000932	0.000001	0.000001
O	0.011086	0.041559	0.011383	0.054158	0.021883
P	0.005043	0.000001	0.000001	0.000001	0.000001
Q	0.000002	0.000002	0.000002	0.000002	0.033356
R	0.083676	0.707079	0.000003	0.918988	0.017035
S	0.069593	0.016447	0.000000	0.000713	0.000000
T	0.007294	0.000002	0.000002	0.000002	0.000002
U	0.000002	0.000002	0.000002	0.005141	0.000002
V	0.010874	0.000000	0.015745	0.000000	0.048426
W	0.010257	0.000001	0.000001	0.000001	0.000001
X	0.000001	0.000001	0.000001	0.000001	0.038503
Y	0.150674	0.000003	0.085918	0.000003	0.456713
Z	0.094285	0.035361	0.000000	0.000000	0.000000
a	0.014273	0.000002	0.000002	0.000002	0.000002
b	0.019657	0.000002	0.000002	0.000002	0.015813
