A	0.086519	0.000004	0.000004	0.019909
B	0.000003	0.000003	0.000003	0.000003
C	0.000002	0.000002	0.000002	0.000002
D	0.086915	0.000005	0.000005	0.000005
E	0.000008	0.007465	0.000008	0.760063
F	0.000001	0.000001	0.000001	0.000001
G	0.000001	0.000001	0.000001	0.001407
H	0.000002	0.005450	0.000002	0.005593
I	0.162234	0.000009	0.995582	0.009291
J	0.023571	0.000003	0.000003	0.000003
K	0.006450	0.000002	0.000002	0.000002
L	0.422847	0.000005	0.004372	0.015626
M	0.189208	0.947095	0.000008	0.180667
N	0.000002	0.000002	0.000002	0.000002
O	0.001615	0.000002	0.000002	0.000002
P	0.020621	0.039950	0.000004	0.007425
