A	0.000001	0.000001	0.000001	0.000001	0.000001
B	0.000000	0.000000	0.000000	0.000000	0.000000
C	0.000000	0.010107	0.999992	0.999992	0.000000
D	0.000001	0.000001	0.000001	0.000001	0.000001
E	0.000001	0.000001	0.000001	0.000001	0.000001
F	0.000000	0.000000	0.000000	0.000000	0.000000
G	0.000000	0.000000	0.000000	0.000000	0.000000
H	0.000000	0.000000	0.000000	0.000000	0.000000
I	0.000001	0.000001	0.000001	0.000001	0.000001
J	0.000000	0.000000	0.000000	0.000000	0.000000
K	0.020838	0.000000	0.000000	0.000000	0.962676
L	0.000001	0.000001	0.000001	0.000001	0.000001
M	0.347491	0.341686	0.000001	0.000001	0.000001
N	0.000000	0.000000	0.000000	0.000000	0.000000
O	0.631665	0.648201	0.000000	0.000000	0.037317
P	0.000001	0.000001	0.000001	0.000001	0.000001
