A	0.005370	0.005370	0.005370	0.005370	0.005370
B	0.004254	0.004254	0.004254	0.004254	0.004254
C	0.001358	0.001358	0.001358	0.001358	0.001358
D	0.007620	0.007620	0.916711	0.007620	0.007620
E	0.010836	0.010836	0.010836	0.010836	0.010836
F	0.002224	0.002224	0.002224	0.002224	0.002224
G	0.000914	0.000914	0.000914	0.000914	0.000914
H	0.003190	0.003190	0.003190	0.003190	0.003190
I	0.923599	0.014508	0.014508	0.014508	0.923599
J	0.005474	0.005474	0.005474	0.005474	0.005474
K	0.002305	0.002305	0.002305	0.002305	0.002305
L	0.009727	0.918818	0.009727	0.009727	0.009727
M	0.012181	0.012181	0.012181	0.921272	0.012181
N	0.003907	0.003907	0.003907	0.003907	0.003907
O	0.001421	0.001421	0.001421	0.001421	0.001421
P	0.005620	0.005620	0.005620	0.005620	0.005620
