A	0.000005	0.000005	0.000005	0.410122
B	0.000003	0.000003	0.000003	0.000003
C	0.000002	0.000002	0.000002	0.000002
D	0.000008	0.999936	0.000008	0.000008
E	0.000010	0.000010	0.000010	0.442260
F	0.000002	0.000002	0.000002	0.000002
G	0.000001	0.000001	0.000001	0.000001
H	0.000004	0.000004	0.000004	0.000004
I	0.999937	0.000009	0.000009	0.074045
J	0.000003	0.000003	0.000003	0.000003
K	0.000002	0.000002	0.000002	0.000002
L	0.000006	0.000006	0.999933	0.068721
M	0.000008	0.000008	0.000008	0.000008
N	0.000002	0.000002	0.000002	0.000002
O	0.000001	0.000001	0.000001	0.000001
P	0.000005	0.000005	0.000005	0.004814
