A	0.000001	0.000001	0.000001	0.000001
B	0.000002	0.000002	0.000002	0.000002
C	0.000005	0.000005	0.000005	0.000005
D	0.000005	0.000005	0.000005	0.000005
E	0.000003	0.000003	0.000003	0.000003
F	0.000002	0.000002	0.000002	0.000002
G	0.000007	0.000007	0.000039	0.000007
H	0.000000	0.000000	0.000346	0.000000
I	0.000002	0.000002	0.000002	0.000002
J	0.000003	0.000003	0.000003	0.000003
K	0.000009	0.000009	0.203201	0.000009
L	0.000001	0.000001	0.000001	0.000001
M	0.000004	0.000004	0.000004	0.000004
N	0.000003	0.000003	0.000003	0.000003
O	0.000000	0.000000	0.000055	0.000000
P	0.000002	0.000002	0.000002	0.000002
Q	0.000003	0.000003	0.000003	0.000003
R	0.999913	0.999913	0.000398	0.999913
S	0.000001	0.000001	0.001791	0.000001
T	0.000005	0.000005	0.000005	0.000005
U	0.000005	0.000005	0.101416	0.000005
V	0.000001	0.000001	0.000001	0.000001
W	0.000002	0.000002	0.000002	0.000002
X	0.000003	0.000003	0.000003	0.000003
Y	0.000007	0.000007	0.692699	0.000007
Z	0.000002	0.000002	0.000002	0.000002
a	0.000004	0.000004	0.000004	0.000004
b	0.000004	0.000004	0.000004	0.000004
