A	0.000900	0.000900	0.000900	0.000900
B	0.002169	0.002169	0.002169	0.002169
C	0.004400	0.004400	0.004400	0.004400
D	0.005076	0.005076	0.005076	0.005076
E	0.002563	0.002563	0.002563	0.002563
F	0.001637	0.001637	0.001637	0.001637
G	0.006998	0.006998	0.006998	0.006998
H	0.000357	0.000357	0.000357	0.000357
I	0.001524	0.001524	0.001524	0.001524
J	0.911534	0.002444	0.911534	0.002444
K	0.009136	0.009136	0.009136	0.009136
L	0.001283	0.001283	0.001283	0.001283
M	0.003858	0.003858	0.003858	0.003858
N	0.003285	0.003285	0.003285	0.003285
O	0.000435	0.000435	0.000435	0.000435
P	0.002124	0.002124	0.002124	0.002124
Q	0.003154	0.003154	0.003154	0.912245
R	0.006390	0.006390	0.006390	0.006390
S	0.001313	0.001313	0.001313	0.001313
T	0.004956	0.004956	0.004956	0.004956
U	0.005258	0.005258	0.005258	0.005258
V	0.000556	0.000556	0.000556	0.000556
W	0.001752	0.001752	0.001752	0.001752
X	0.003101	0.912192	0.003101	0.003101
Y	0.006668	0.006668	0.006668	0.006668
Z	0.001520	0.001520	0.001520	0.001520
a	0.004031	0.004031	0.004031	0.004031
b	0.004023	0.004023	0.004023	0.004023
