A	0.000003	0.000003	0.000105	0.123429
B	0.000255	0.000002	0.000002	0.000602
C	0.000001	0.000001	0.000507	0.296796
D	0.000072	0.000004	0.000004	0.007454
E	0.000005	0.000005	0.000005	0.031540
F	0.000001	0.000001	0.000001	0.000118
G	0.000001	0.000001	0.000390	0.000001
H	0.000002	0.000002	0.000002	0.000745
I	0.178510	0.995421	0.997025	0.278165
J	0.000001	0.000001	0.000001	0.001067
K	0.000001	0.000001	0.001517	0.000284
L	0.821140	0.000256	0.000003	0.020735
M	0.000004	0.000004	0.000224	0.237123
N	0.000001	0.000001	0.000001	0.000415
O	0.000001	0.000001	0.000211	0.000222
P	0.000002	0.004297	0.000002	0.001305
