A	0.056763	0.074003	0.000004	0.007643
B	0.003750	0.000003	0.000003	0.000003
C	0.001208	0.000001	0.000001	0.000001
D	0.035008	0.057419	0.000007	0.010895
E	0.002107	0.000657	0.000008	0.014750
F	0.000403	0.000002	0.000002	0.000002
G	0.001304	0.000001	0.000001	0.000001
H	0.000360	0.000003	0.000003	0.000116
I	0.684707	0.818930	0.000007	0.575238
J	0.001779	0.000002	0.000002	0.000002
K	0.000750	0.000001	0.000001	0.000001
L	0.008534	0.034172	0.999946	0.020745
M	0.195045	0.014798	0.000007	0.029415
N	0.004869	0.000002	0.000002	0.000002
O	0.002409	0.000001	0.000001	0.000001
P	0.001004	0.000004	0.000004	0.341185
