A	0.368857	0.000005	0.000005	0.036321
B	0.006821	0.000005	0.000005	0.000005
C	0.000678	0.000002	0.000002	0.000002
D	0.046274	0.000009	0.000009	0.000009
E	0.049393	0.339192	0.000012	0.788484
F	0.003934	0.000002	0.000002	0.005432
G	0.000001	0.000001	0.000001	0.003133
H	0.003041	0.018699	0.000004	0.009284
I	0.275182	0.000014	0.999920	0.000014
J	0.008454	0.000005	0.000005	0.000005
K	0.004698	0.000002	0.000002	0.000002
L	0.093471	0.000009	0.000009	0.000009
M	0.096612	0.642044	0.000012	0.078473
N	0.024279	0.000004	0.000004	0.033505
O	0.000002	0.000002	0.000002	0.007890
P	0.018303	0.000006	0.000006	0.037435
