A	0.014572	0.013870	0.000000	0.000000	0.001067	0.033136
B	0.000001	0.000001	0.000001	0.000001	0.000001	0.001011
C	0.158369	0.000002	0.000002	0.000002	0.000002	0.000002
D	0.000002	0.000002	0.000002	0.000002	0.000002	0.000002
E	0.000001	0.000001	0.000001	0.000001	0.000001	0.002390
F	0.007042	0.049171	0.000001	0.525281	0.026660	0.071398
G	0.002380	0.000003	0.000003	0.000003	0.000003	0.004641
H	0.008361	0.002865	0.004967	0.000000	0.000000	0.019883
I	0.000001	0.000001	0.000001	0.000001	0.000001	0.001133
J	0.001099	0.000001	0.000001	0.000001	0.000001	0.000001
K	0.000003	0.000003	0.000003	0.000003	0.000003	0.000003
L	0.000000	0.000000	0.000000	0.000000	0.000000	0.001439
M	0.249515	0.003493	0.202149	0.066521	0.078781	0.208151
N	0.003878	0.000001	0.021727	0.000001	0.041584	0.008649
O	0.008812	0.025071	0.000640	0.000000	0.000000	0.011644
P	0.000001	0.000001	0.000001	0.000001	0.000001	0.000001
Q	0.128386	0.000002	0.000002	0.000002	0.000002	0.000002
R	0.000004	0.000004	0.000004	0.000004	0.000004	0.000004
S	0.000001	0.000001	0.000001	0.000001	0.000001	0.003121
T	0.002561	0.893790	0.033592	0.365169	0.000003	0.506240
U	0.008480	0.000003	0.006006	0.000003	0.000003	0.000003
V	0.015537	0.006494	0.019979	0.000000	0.004716	0.075789
W	0.000001	0.000001	0.000001	0.000001	0.000001	0.000727
X	0.102555	0.000002	0.000002	0.000002	0.000002	0.000002
Y	0.000003	0.000003	0.000003	0.000003	0.000003	0.000003
Z	0.000001	0.000001	0.000001	0.000001	0.000001	0.001074
a	0.287906	0.005209	0.710908	0.042991	0.847152	0.035124
b	0.000528	0.000002	0.000002	0.000002	0.000002	0.014426
