A	0.000005	0.000005	0.455265	0.000005	0.013755	0.003025
B	0.001525	0.000004	0.000004	0.000004	0.000004	0.000004
C	0.000002	0.000002	0.000002	0.000002	0.000002	0.000002
D	0.019160	0.003881	0.003908	0.000007	0.000007	0.016738
E	0.000009	0.059550	0.092482	0.000009	0.000009	0.698745
F	0.008913	0.000002	0.000002	0.000002	0.000002	0.000002
G	0.000001	0.000001	0.000001	0.000001	0.000001	0.000001
H	0.011654	0.013208	0.000003	0.081645	0.000319	0.017601
I	0.759634	0.126139	0.350006	0.008286	0.932872	0.000012
J	0.000004	0.000004	0.000004	0.000004	0.000004	0.000004
K	0.001042	0.000002	0.000002	0.000002	0.000002	0.000002
L	0.000007	0.012737	0.017987	0.000007	0.000941	0.019256
M	0.189791	0.774095	0.066497	0.907056	0.049487	0.231062
N	0.000930	0.000003	0.000003	0.000003	0.000003	0.000003
O	0.000002	0.000002	0.000002	0.000002	0.000002	0.000521
P	0.007324	0.010366	0.013833	0.002967	0.002592	0.013022
