A	0.000001	0.000001	0.000001	0.000001	0.000001	0.000001
B	0.000001	0.000001	0.000001	0.000001	0.000001	0.000001
C	0.000413	0.000003	0.998661	0.000003	0.815803	0.977211
D	0.000235	0.000002	0.000002	0.000002	0.000002	0.000002
E	0.000001	0.000001	0.000001	0.000001	0.000001	0.000001
F	0.000001	0.000001	0.000001	0.000001	0.000001	0.004553
G	0.000004	0.000004	0.000004	0.000004	0.000004	0.000004
H	0.000000	0.000000	0.000000	0.000000	0.000000	0.000000
I	0.000001	0.000001	0.000001	0.000001	0.000001	0.000001
J	0.000034	0.999939	0.000062	0.000001	0.000033	0.002204
K	0.000237	0.000005	0.000005	0.000005	0.000005	0.000005
L	0.000000	0.000000	0.000000	0.000000	0.000000	0.000000
M	0.000003	0.000003	0.000003	0.000003	0.000003	0.000806
N	0.000002	0.000002	0.000002	0.000002	0.000002	0.000002
O	0.000000	0.000000	0.000000	0.000000	0.000000	0.000000
P	0.000002	0.000002	0.000002	0.000002	0.000002	0.000002
Q	0.858844	0.000003	0.001078	0.000003	0.183816	0.000205
R	0.139905	0.000005	0.000005	0.000005	0.000005	0.000005
S	0.000001	0.000001	0.000001	0.000001	0.000001	0.000001
T	0.000004	0.000004	0.000004	0.000004	0.000004	0.002522
U	0.000004	0.000004	0.000004	0.000004	0.000004	0.000004
V	0.000000	0.000000	0.000000	0.000000	0.000000	0.000000
W	0.000001	0.000001	0.000001	0.000001	0.000001	0.000001
X	0.000032	0.000003	0.000147	0.999940	0.000296	0.011827
Y	0.000266	0.000005	0.000005	0.000005	0.000005	0.000005
Z	0.000001	0.000001	0.000001	0.000001	0.000001	0.000001
a	0.000003	0.000003	0.000003	0.000003	0.000003	0.000632
b	0.000003	0.000003	0.000003	0.000003	0.000003	0.000003
