A	0.000004	0.000004	0.000004	0.000004	0.000004	0.000004
B	0.000003	0.000003	0.999940	0.000003	0.809001	0.999940
C	0.000001	0.000001	0.000001	0.000001	0.000001	0.000001
D	0.000006	0.000006	0.000006	0.000006	0.000006	0.000006
E	0.000007	0.000007	0.000007	0.000007	0.000007	0.000007
F	0.000002	0.999938	0.000002	0.000002	0.000002	0.000002
G	0.000001	0.000001	0.000001	0.000001	0.000001	0.000001
H	0.000002	0.000002	0.000002	0.000002	0.000002	0.000002
I	0.147714	0.000010	0.000010	0.000010	0.000010	0.000010
J	0.852236	0.000003	0.000003	0.000003	0.190942	0.000003
K	0.000002	0.000002	0.000002	0.000002	0.000002	0.000002
L	0.000006	0.000006	0.000006	0.000006	0.000006	0.000006
M	0.000008	0.000008	0.000008	0.000008	0.000008	0.000008
N	0.000003	0.000003	0.000003	0.999939	0.000003	0.000003
O	0.000001	0.000001	0.000001	0.000001	0.000001	0.000001
P	0.000004	0.000004	0.000004	0.000004	0.000004	0.000004
