A	0.979098	0.000006	0.000006	0.989189	0.000006	0.456484
B	0.000017	0.000017	0.000017	0.000017	0.000017	0.000017
C	0.000036	0.000036	0.000036	0.000036	0.000036	0.000036
D	0.000029	0.000029	0.000029	0.000029	0.000029	0.000029
E	0.000014	0.000014	0.000014	0.000014	0.000014	0.000014
F	0.000016	0.000016	0.000016	0.000016	0.000016	0.000016
G	0.000049	0.000049	0.000049	0.000049	0.000049	0.000049
H	0.000002	0.000002	0.000002	0.010092	0.010092	0.012186
I	0.000011	0.000011	0.000011	0.000011	0.000011	0.000011
J	0.000017	0.000017	0.000017	0.000017	0.000017	0.000017
K	0.000053	0.000053	0.000053	0.000053	0.000053	0.000053
L	0.000006	0.000006	0.000006	0.000006	0.000006	0.000006
M	0.000032	0.000032	0.000032	0.000032	0.000032	0.000032
N	0.000019	0.000019	0.000019	0.000019	0.000019	0.000019
O	0.000004	0.000004	0.000004	0.000004	0.000004	0.000004
P	0.000021	0.000021	0.000021	0.000021	0.000021	0.000021
Q	0.000035	0.000035	0.000035	0.000035	0.000035	0.000035
R	0.000063	0.000063	0.000063	0.000063	0.000063	0.000063
S	0.000011	0.000011	0.000011	0.000011	0.000011	0.000011
T	0.000052	0.000052	0.000052	0.000052	0.000052	0.000052
U	0.000050	0.000050	0.000050	0.000050	0.000050	0.000050
V	0.020184	0.999276	0.999276	0.000004	0.989187	0.530615
W	0.000015	0.000015	0.000015	0.000015	0.000015	0.000015
X	0.000030	0.000030	0.000030	0.000030	0.000030	0.000030
Y	0.000054	0.000054	0.000054	0.000054	0.000054	0.000054
Z	0.000009	0.000009	0.000009	0.000009	0.000009	0.000009
a	0.000041	0.000041	0.000041	0.000041	0.000041	0.000041
b	0.000031	0.000031	0.000031	0.000031	0.000031	0.000031
