A	0.000002	0.000002	0.278106	0.000002	0.000002
B	0.000001	0.000001	0.000001	0.000001	0.000001
C	0.000000	0.000000	0.000000	0.000000	0.000000
D	0.000002	0.000002	0.000002	0.000002	0.000002
E	0.070983	0.000003	0.000003	0.000003	0.000003
F	0.000001	0.000001	0.000001	0.000001	0.000001
G	0.003782	0.000000	0.000000	0.000000	0.000000
H	0.015786	0.000001	0.000001	0.000001	0.000001
I	0.310874	0.780690	0.019385	0.763406	0.907998
J	0.006697	0.000001	0.000001	0.000001	0.007143
K	0.042276	0.000001	0.000001	0.000001	0.000001
L	0.544605	0.219292	0.034406	0.209452	0.084842
M	0.000003	0.000003	0.668090	0.027127	0.000003
N	0.000001	0.000001	0.000001	0.000001	0.000001
O	0.004986	0.000001	0.000001	0.000001	0.000001
P	0.000002	0.000002	0.000002	0.000002	0.000002
