A	0.034001	0.000002	0.000002	0.000002
B	0.000004	0.000004	0.000004	0.000004
C	0.000011	0.000011	0.000011	0.000011
D	0.000008	0.000008	0.000008	0.000008
E	0.000005	0.000005	0.000005	0.000005
F	0.098348	0.000005	0.000005	0.000005
G	0.105721	0.000014	0.000014	0.000014
H	0.000001	0.022718	0.000001	0.000001
I	0.000003	0.000003	0.000003	0.000003
J	0.000006	0.000006	0.000006	0.000006
K	0.000017	0.000017	0.000017	0.000017
L	0.000003	0.000003	0.000003	0.000003
M	0.128929	0.197312	0.000011	0.999788
N	0.000006	0.071940	0.000006	0.000006
O	0.016156	0.020975	0.039817	0.000001
P	0.000006	0.000006	0.000006	0.000006
Q	0.039975	0.000011	0.000011	0.000011
R	0.000017	0.000017	0.000017	0.000017
S	0.000005	0.000005	0.000005	0.000005
T	0.165446	0.000017	0.959979	0.000017
U	0.189687	0.000015	0.000015	0.000015
V	0.021175	0.000001	0.000001	0.000001
W	0.000004	0.000004	0.000004	0.000004
X	0.041990	0.000009	0.000009	0.000009
Y	0.000016	0.000016	0.000016	0.000016
Z	0.007713	0.000004	0.000004	0.000004
a	0.150740	0.686865	0.000013	0.000013
b	0.000009	0.000009	0.000009	0.000009
