A	0.000004	0.000004	0.000004	0.000004	0.000004	0.000004
B	0.000008	0.000008	0.000008	0.000008	0.000008	0.000008
C	0.000019	0.999614	0.999614	0.000018	0.000018	0.000018
D	0.002825	0.000021	0.000021	0.000021	0.000021	0.000021
E	0.000007	0.000007	0.000007	0.000007	0.000007	0.000007
F	0.000007	0.000007	0.000007	0.000007	0.000007	0.000007
G	0.000027	0.000027	0.000027	0.000027	0.000027	0.000027
H	0.000001	0.000001	0.000001	0.000001	0.000001	0.000001
I	0.000006	0.000006	0.000006	0.000006	0.000006	0.000006
J	0.003800	0.000011	0.000011	0.000011	0.999606	0.000011
K	0.021213	0.000040	0.000040	0.000040	0.000040	0.000040
L	0.000003	0.000003	0.000003	0.000003	0.000003	0.000003
M	0.000014	0.000014	0.000014	0.000014	0.000014	0.000014
N	0.000013	0.000013	0.000013	0.000013	0.000013	0.000013
O	0.000002	0.000002	0.000002	0.000002	0.000002	0.000002
P	0.000009	0.000009	0.000009	0.000009	0.000009	0.000009
Q	0.000111	0.000016	0.000016	0.000016	0.000016	0.999611
R	0.000338	0.000032	0.000032	0.000032	0.000032	0.000032
S	0.000005	0.000005	0.000005	0.000005	0.000005	0.000005
T	0.000025	0.000025	0.000025	0.000025	0.000025	0.000025
U	0.000025	0.000025	0.000025	0.000025	0.000025	0.000025
V	0.000003	0.000003	0.000003	0.000003	0.000003	0.000003
W	0.000008	0.000008	0.000008	0.000008	0.000008	0.000008
X	0.755629	0.000017	0.000017	0.999613	0.000017	0.000017
Y	0.215854	0.000037	0.000037	0.000037	0.000037	0.000037
Z	0.000005	0.000005	0.000005	0.000005	0.000005	0.000005
a	0.000021	0.000021	0.000021	0.000021	0.000021	0.000021
b	0.000021	0.000021	0.000021	0.000021	0.000021	0.000021
