A	0.000037	0.000037	0.000037	0.000037	0.000037	0.155593
B	0.000024	0.000024	0.000024	0.999495	0.999495	0.000812
C	0.000010	0.000010	0.000010	0.000010	0.000010	0.000010
D	0.000049	0.000049	0.000049	0.000049	0.000049	0.000049
E	0.000072	0.000072	0.000072	0.000072	0.000072	0.124249
F	0.999485	0.000014	0.999485	0.000014	0.000014	0.000528
G	0.000007	0.000007	0.000007	0.000007	0.000007	0.000007
H	0.000024	0.000024	0.000024	0.000024	0.000024	0.000024
I	0.000075	0.000075	0.000075	0.000075	0.000075	0.027281
J	0.000021	0.000021	0.000021	0.000021	0.000021	0.470630
K	0.000011	0.000011	0.000011	0.000011	0.000011	0.000011
L	0.000041	0.000041	0.000041	0.000041	0.000041	0.000041
M	0.000075	0.000075	0.000075	0.000075	0.000075	0.214476
N	0.000023	0.999493	0.000023	0.000023	0.000023	0.006242
O	0.000010	0.000010	0.000010	0.000010	0.000010	0.000010
P	0.000038	0.000038	0.000038	0.000038	0.000038	0.000038
