A	0.000001	0.000001	0.000001	0.006893	0.056363	0.110193
B	0.000000	0.769186	0.811348	0.066141	0.122712	0.000000
C	0.000000	0.000000	0.000000	0.000000	0.000000	0.000000
D	0.000001	0.000001	0.000001	0.000001	0.000001	0.003312
E	0.000001	0.000001	0.000001	0.000001	0.094286	0.211860
F	0.815478	0.230805	0.000000	0.065113	0.013622	0.000000
G	0.000000	0.000000	0.000000	0.000000	0.000000	0.000000
H	0.000000	0.000000	0.000000	0.000000	0.000000	0.002511
I	0.000001	0.000001	0.000001	0.420111	0.418499	0.472502
J	0.000000	0.000000	0.188642	0.160291	0.068739	0.000000
K	0.000000	0.000000	0.000000	0.000000	0.000000	0.000000
L	0.000001	0.000001	0.000001	0.000001	0.000001	0.002672
M	0.000001	0.000001	0.000001	0.015203	0.185110	0.192128
N	0.184513	0.000000	0.000000	0.266244	0.040665	0.000000
O	0.000000	0.000000	0.000000	0.000000	0.000000	0.000000
P	0.000001	0.000001	0.000001	0.000001	0.000001	0.004821
