A	0.000001	0.000001	0.000001	0.000001	0.000001	0.000001
B	0.000003	0.000003	0.000003	0.000003	0.000003	0.000003
C	0.000008	0.000008	0.958687	0.026084	0.000822	0.188411
D	0.000009	0.779389	0.005937	0.000009	0.000009	0.000009
E	0.000003	0.000003	0.000003	0.000003	0.000003	0.000003
F	0.000003	0.000003	0.000003	0.000003	0.000003	0.000003
G	0.000011	0.000011	0.000011	0.000011	0.000011	0.000011
H	0.000001	0.000001	0.000001	0.000001	0.000001	0.000001
I	0.000002	0.000002	0.000002	0.000002	0.000002	0.000002
J	0.000005	0.000828	0.034608	0.002310	0.306670	0.810126
K	0.001802	0.218461	0.000017	0.000017	0.000017	0.000017
L	0.000001	0.000001	0.000001	0.000001	0.000001	0.000001
M	0.000006	0.000006	0.000006	0.000006	0.000006	0.000006
N	0.000005	0.000005	0.000005	0.000005	0.000005	0.000005
O	0.000001	0.000001	0.000001	0.000001	0.000001	0.000001
P	0.000004	0.000004	0.000004	0.000004	0.000004	0.000004
Q	0.000007	0.000007	0.000630	0.000007	0.006943	0.001316
R	0.998061	0.000013	0.000013	0.000013	0.000013	0.000013
S	0.000002	0.000002	0.000002	0.000002	0.000002	0.000002
T	0.000010	0.000010	0.000010	0.000010	0.000010	0.000010
U	0.000010	0.000010	0.000010	0.000010	0.000010	0.000010
V	0.000001	0.000001	0.000001	0.000001	0.000001	0.000001
W	0.000003	0.000003	0.000003	0.000003	0.000003	0.000003
X	0.000007	0.001193	0.000007	0.971459	0.685424	0.000007
Y	0.000015	0.000015	0.000015	0.000015	0.000015	0.000015
Z	0.000002	0.000002	0.000002	0.000002	0.000002	0.000002
a	0.000008	0.000008	0.000008	0.000008	0.000008	0.000008
b	0.000008	0.000008	0.000008	0.000008	0.000008	0.000008
