A	0.000004	0.000004	0.000004	0.000004	0.000004	0.000004
B	0.000008	0.000008	0.000008	0.000008	0.000008	0.000008
C	0.000019	0.269575	0.000019	0.000019	0.000019	0.360209
D	0.112745	0.000022	0.126239	0.000022	0.000022	0.000022
E	0.000007	0.000007	0.000007	0.000007	0.000007	0.000007
F	0.000008	0.000008	0.000008	0.000008	0.000008	0.000008
G	0.000029	0.000029	0.000029	0.000029	0.000029	0.000029
H	0.000002	0.000002	0.000002	0.000002	0.000002	0.000002
I	0.000006	0.000006	0.000006	0.000006	0.000006	0.000006
J	0.000012	0.000012	0.000012	0.000012	0.999585	0.000012
K	0.174503	0.730060	0.000043	0.000043	0.000043	0.000043
L	0.000004	0.000004	0.000004	0.000004	0.000004	0.000004
M	0.000015	0.000015	0.000015	0.000015	0.000015	0.000015
N	0.000014	0.000014	0.000014	0.000014	0.000014	0.000014
O	0.000002	0.000002	0.000002	0.000002	0.000002	0.000002
P	0.000009	0.000009	0.000009	0.000009	0.000009	0.000009
Q	0.000017	0.000017	0.347174	0.000017	0.000017	0.639401
R	0.712423	0.000033	0.083601	0.000033	0.000033	0.000033
S	0.000005	0.000005	0.000005	0.000005	0.000005	0.000005
T	0.000027	0.000027	0.000027	0.000027	0.000027	0.000027
U	0.000026	0.000026	0.000026	0.000026	0.000026	0.000026
V	0.000003	0.000003	0.000003	0.000003	0.000003	0.000003
W	0.000008	0.000008	0.000008	0.000008	0.000008	0.000008
X	0.000018	0.000018	0.327676	0.999592	0.000018	0.000018
Y	0.000039	0.000039	0.115013	0.000039	0.000039	0.000039
Z	0.000006	0.000006	0.000006	0.000006	0.000006	0.000006
a	0.000022	0.000022	0.000022	0.000022	0.000022	0.000022
b	0.000022	0.000022	0.000022	0.000022	0.000022	0.000022
