A	0.000015	0.000015	0.000015	0.000845	0.005352	0.144824
B	0.069162	0.000010	0.000010	0.023971	0.000080	0.000010
C	0.000004	0.000004	0.000004	0.000004	0.000004	0.000004
D	0.000020	0.000020	0.000020	0.000020	0.000020	0.000020
E	0.000030	0.000030	0.000030	0.001565	0.001565	0.100651
F	0.003042	0.999785	0.999785	0.000466	0.006209	0.000006
G	0.000003	0.000003	0.000003	0.000003	0.000003	0.000003
H	0.000010	0.000010	0.000010	0.000010	0.000010	0.000010
I	0.000031	0.000031	0.000031	0.000031	0.978031	0.439090
J	0.000229	0.000009	0.000009	0.000646	0.002373	0.000009
K	0.000005	0.000005	0.000005	0.000005	0.000005	0.000005
L	0.000017	0.000017	0.000017	0.000017	0.000017	0.001552
M	0.001566	0.000031	0.000031	0.002192	0.004337	0.313786
N	0.925846	0.000010	0.000010	0.970205	0.001974	0.000010
O	0.000004	0.000004	0.000004	0.000004	0.000004	0.000004
P	0.000016	0.000016	0.000016	0.000016	0.000016	0.000016
