A	0.145210	0.000005	0.999926	0.224667
B	0.000003	0.000003	0.000003	0.000003
C	0.000003	0.000003	0.000003	0.000003
D	0.162309	0.383431	0.000007	0.007673
E	0.000009	0.000009	0.000009	0.000009
F	0.000001	0.000001	0.000001	0.000001
G	0.000002	0.000002	0.000002	0.000002
H	0.077559	0.099244	0.000003	0.067433
I	0.028634	0.000012	0.000012	0.630775
J	0.000003	0.000003	0.000003	0.000003
K	0.000004	0.000004	0.000004	0.000004
L	0.224293	0.261377	0.000008	0.000008
M	0.000009	0.136565	0.000009	0.044821
N	0.000002	0.000002	0.000002	0.000550
O	0.000003	0.000003	0.000003	0.000003
P	0.361955	0.119335	0.000004	0.024044
