A	0.000007	0.000007	0.028754	0.028754
B	0.000038	0.000038	0.021598	0.007225
C	0.000040	0.000040	0.000040	0.000040
D	0.000038	0.000038	0.007225	0.000038
E	0.000024	0.000024	0.000024	0.000024
F	0.998985	0.998985	0.000022	0.086263
G	0.000066	0.000066	0.107867	0.057558
H	0.000002	0.000002	0.000002	0.007189
I	0.000022	0.000022	0.000022	0.007208
J	0.000017	0.000017	0.000017	0.000017
K	0.000078	0.000078	0.000078	0.007264
L	0.000009	0.000009	0.000009	0.000009
M	0.000046	0.000046	0.143779	0.093472
N	0.000022	0.000022	0.021582	0.028768
O	0.000005	0.000005	0.014378	0.007191
P	0.000053	0.000053	0.000053	0.035986
Q	0.000044	0.000044	0.000044	0.000044
R	0.000079	0.000079	0.007266	0.007266
S	0.000020	0.000020	0.000020	0.000020
T	0.000082	0.000082	0.294746	0.266001
U	0.000082	0.000082	0.071948	0.093509
V	0.000005	0.000005	0.014378	0.000005
W	0.000034	0.000034	0.000034	0.028780
X	0.000030	0.000030	0.000030	0.000030
Y	0.000065	0.000065	0.000065	0.000065
Z	0.000015	0.000015	0.000015	0.000015
a	0.000055	0.000055	0.201289	0.201287
b	0.000038	0.000038	0.064717	0.035971
