A	0.005540	0.000000	0.000000	0.000000	0.005257	0.000979
B	0.000001	0.000001	0.000001	0.000001	0.000001	0.015112
C	0.000002	0.000002	0.000002	0.000002	0.000002	0.000002
D	0.000002	0.000002	0.000002	0.000002	0.000002	0.000002
E	0.000001	0.000001	0.000001	0.000001	0.000001	0.000001
F	0.015668	0.000001	0.000001	0.000001	0.802291	0.000001
G	0.045679	0.012390	0.000003	0.000003	0.000003	0.000003
H	0.000000	0.000000	0.000000	0.000000	0.005115	0.004351
I	0.000000	0.000000	0.000000	0.000000	0.000000	0.000435
J	0.000001	0.000001	0.000001	0.000001	0.000001	0.000001
K	0.000003	0.000003	0.000003	0.000003	0.000003	0.000003
L	0.000583	0.000000	0.000000	0.000000	0.000000	0.000000
M	0.060640	0.000001	0.000001	0.000001	0.000001	0.000001
N	0.012650	0.037051	0.000001	0.000001	0.004098	0.000001
O	0.000449	0.000000	0.000292	0.001457	0.000000	0.003431
P	0.000001	0.000001	0.000001	0.000001	0.000001	0.016867
Q	0.000002	0.000002	0.000002	0.000002	0.000002	0.000002
R	0.000003	0.000003	0.000003	0.000003	0.000003	0.003978
S	0.000001	0.000001	0.000001	0.000001	0.000001	0.009212
T	0.792804	0.109744	0.986697	0.992668	0.172606	0.932553
U	0.000003	0.042632	0.012975	0.005839	0.000003	0.004632
V	0.000000	0.000000	0.000000	0.000000	0.001206	0.008420
W	0.000001	0.000001	0.000001	0.000001	0.000001	0.000001
X	0.000002	0.000002	0.000002	0.000002	0.000002	0.000002
Y	0.000004	0.000004	0.000004	0.000004	0.000004	0.000004
Z	0.000001	0.000001	0.000001	0.000001	0.000001	0.000001
a	0.030003	0.798153	0.000002	0.000002	0.000002	0.000002
b	0.035956	0.000003	0.000003	0.000003	0.009392	0.000003
