A	0.000010	0.000010	0.000010	0.000010	0.000010	0.000010
B	0.002383	0.000008	0.000008	0.000008	0.000008	0.000008
C	0.000002	0.000002	0.000002	0.000002	0.000651	0.000362
D	0.048042	0.000020	0.000020	0.010089	0.018105	0.020478
E	0.000015	0.000015	0.000015	0.514172	0.739535	0.000015
F	0.000785	0.000003	0.000003	0.000003	0.000003	0.000003
G	0.000001	0.000001	0.000001	0.000001	0.000001	0.000001
H	0.001362	0.011086	0.000007	0.000007	0.000007	0.002668
I	0.000021	0.000021	0.958708	0.000021	0.000021	0.884687
J	0.003971	0.000008	0.000008	0.000008	0.000008	0.005283
K	0.000003	0.000003	0.000003	0.000003	0.000003	0.001204
L	0.091523	0.017041	0.039144	0.076101	0.076167	0.030464
M	0.823123	0.971750	0.000024	0.377366	0.158677	0.004290
N	0.016542	0.000010	0.000010	0.000010	0.000010	0.000010
O	0.000003	0.000003	0.000003	0.000003	0.000003	0.000003
P	0.012213	0.000019	0.002035	0.022195	0.006789	0.050514
