A	0.000010	0.000010	0.000010	0.000010	0.000010	0.000010
B	0.000016	0.000016	0.000016	0.000016	0.000016	0.000016
C	0.000060	0.000060	0.000060	0.000060	0.000060	0.000060
D	0.000051	0.000051	0.000051	0.000051	0.000051	0.857834
E	0.000040	0.000040	0.000040	0.000040	0.001707	0.000040
F	0.000024	0.000024	0.000024	0.000024	0.000024	0.000024
G	0.000092	0.000092	0.000092	0.000092	0.000092	0.000092
H	0.000003	0.000003	0.000003	0.000003	0.000003	0.000003
I	0.000007	0.000007	0.000007	0.000007	0.000007	0.000007
J	0.000023	0.000023	0.000023	0.000023	0.000023	0.000023
K	0.000077	0.000077	0.000077	0.000077	0.000077	0.080454
L	0.000013	0.000013	0.000013	0.000013	0.000013	0.000013
M	0.000029	0.998781	0.000029	0.000029	0.000029	0.000029
N	0.000032	0.000032	0.000032	0.000032	0.000032	0.000032
O	0.000007	0.000007	0.000007	0.000007	0.000007	0.000007
P	0.000024	0.000024	0.000024	0.000024	0.000024	0.000024
Q	0.000061	0.000061	0.000061	0.000061	0.000061	0.000061
R	0.000079	0.000079	0.000079	0.000079	0.982639	0.060671
S	0.000032	0.000032	0.998783	0.000032	0.014556	0.000032
T	0.998820	0.000069	0.000069	0.000069	0.000069	0.000069
U	0.000099	0.000099	0.000099	0.000099	0.000099	0.000099
V	0.000010	0.000010	0.000010	0.000010	0.000010	0.000010
W	0.000020	0.000020	0.000020	0.000020	0.000020	0.000020
X	0.000069	0.000069	0.000069	0.000069	0.000069	0.000069
Y	0.000115	0.000115	0.000115	0.000115	0.000115	0.000115
Z	0.000039	0.000039	0.000039	0.998791	0.000039	0.000039
a	0.000058	0.000058	0.000058	0.000058	0.000058	0.000058
b	0.000091	0.000091	0.000091	0.000091	0.000091	0.000091
