A	0.007631	0.046420	0.000003	0.000003	0.832223	0.000416
B	0.000051	0.000002	0.000002	0.000002	0.000002	0.000002
C	0.000001	0.000001	0.000001	0.000001	0.000001	0.050282
D	0.029717	0.010739	0.000005	0.000005	0.000005	0.000005
E	0.053744	0.000538	0.000004	0.000600	0.000004	0.000004
F	0.000091	0.000001	0.000001	0.000001	0.000001	0.000001
G	0.000000	0.000000	0.000000	0.000000	0.000000	0.003508
H	0.005354	0.049475	0.000002	0.000002	0.004036	0.000713
I	0.846206	0.109528	0.986164	0.993837	0.155562	0.894940
J	0.000055	0.000002	0.000002	0.000002	0.000002	0.001766
K	0.000001	0.000001	0.000001	0.000001	0.000001	0.033301
L	0.020601	0.009600	0.011050	0.005321	0.000005	0.009032
M	0.021201	0.759607	0.000006	0.000218	0.000006	0.000405
N	0.000006	0.000002	0.000002	0.000002	0.000002	0.000002
O	0.000001	0.000001	0.000001	0.000001	0.000001	0.001236
P	0.015341	0.014082	0.002758	0.000005	0.008150	0.004387
