A	0.010821	0.000001	0.000001	0.004082	0.007081
B	0.000001	0.000001	0.000001	0.000001	0.000001
C	0.000005	0.000005	0.000005	0.000005	0.000005
D	0.000004	0.000004	0.000004	0.000004	0.000004
E	0.000003	0.000003	0.000003	0.000003	0.000003
F	0.000002	0.756503	0.000002	0.000002	0.000002
G	0.000008	0.000008	0.000008	0.241005	0.238407
H	0.024848	0.000000	0.000000	0.000000	0.008086
I	0.000001	0.000001	0.000001	0.000001	0.000001
J	0.000002	0.000002	0.000002	0.000002	0.000002
K	0.000006	0.000006	0.000006	0.000006	0.000006
L	0.000001	0.000001	0.000001	0.000001	0.000001
M	0.016407	0.000002	0.684744	0.025513	0.187648
N	0.000003	0.000003	0.000003	0.011697	0.010733
O	0.020202	0.000001	0.000001	0.022174	0.002575
P	0.000002	0.000002	0.000002	0.000002	0.000002
Q	0.000005	0.000005	0.000005	0.000005	0.000005
R	0.000007	0.000007	0.000007	0.000007	0.000007
S	0.000003	0.000003	0.000003	0.000003	0.000003
T	0.897642	0.243401	0.000006	0.000006	0.000006
U	0.000008	0.000008	0.131549	0.423570	0.307342
V	0.029987	0.000001	0.000001	0.001213	0.000001
W	0.000002	0.000002	0.000002	0.000002	0.000002
X	0.000006	0.000006	0.000006	0.000006	0.000006
Y	0.000010	0.000010	0.000010	0.000010	0.000010
Z	0.000003	0.000003	0.000003	0.000003	0.000003
a	0.000005	0.000005	0.183619	0.270670	0.141926
b	0.000008	0.000008	0.000008	0.000008	0.096131
