A	0.000729	0.000729	0.000729	0.000729
B	0.001174	0.001174	0.001174	0.001174
C	0.004395	0.004395	0.004395	0.004395
D	0.003719	0.003719	0.003719	0.003719
E	0.002882	0.002882	0.002882	0.002882
F	0.001751	0.001751	0.910842	0.001751
G	0.006678	0.006678	0.006678	0.006678
H	0.000243	0.000243	0.000243	0.000243
I	0.000530	0.000530	0.000530	0.000530
J	0.001638	0.001638	0.001638	0.001638
K	0.005589	0.005589	0.005589	0.005589
L	0.000915	0.000915	0.000915	0.000915
M	0.002140	0.002140	0.002140	0.002140
N	0.002299	0.002299	0.002299	0.002299
O	0.000491	0.000491	0.000491	0.000491
P	0.001714	0.001714	0.001714	0.001714
Q	0.004450	0.004450	0.004450	0.004450
R	0.005784	0.005784	0.005784	0.005784
S	0.002301	0.002301	0.002301	0.002301
T	0.914124	0.914124	0.005033	0.914124
U	0.007181	0.007181	0.007181	0.007181
V	0.000723	0.000723	0.000723	0.000723
W	0.001487	0.001487	0.001487	0.001487
X	0.005017	0.005017	0.005017	0.005017
Y	0.008346	0.008346	0.008346	0.008346
Z	0.002872	0.002872	0.002872	0.002872
a	0.004192	0.004192	0.004192	0.004192
b	0.006637	0.006637	0.006637	0.006637
