A	0.027342	0.000004	0.000797	0.002243
B	0.000006	0.000006	0.000006	0.000006
C	0.014762	0.000022	0.000022	0.000022
D	0.000019	0.000019	0.000019	0.000019
E	0.015560	0.000015	0.000015	0.000349
F	0.008605	0.002275	0.080053	0.000032
G	0.077856	0.013927	0.002479	0.002325
H	0.000431	0.000001	0.003201	0.000001
I	0.000003	0.000003	0.000003	0.000003
J	0.000121	0.000008	0.000008	0.000008
K	0.000028	0.000028	0.000028	0.006427
L	0.019202	0.000005	0.000005	0.000005
M	0.000011	0.002920	0.000169	0.063044
N	0.006734	0.005527	0.000012	0.005071
O	0.002512	0.000002	0.000867	0.003202
P	0.000009	0.000009	0.000009	0.000009
Q	0.000219	0.000023	0.000023	0.000023
R	0.000029	0.000029	0.000029	0.002429
S	0.003708	0.000012	0.000012	0.017492
T	0.042955	0.060389	0.872901	0.009402
U	0.629429	0.089470	0.024293	0.009428
V	0.019873	0.000004	0.000004	0.001435
W	0.000008	0.000008	0.000008	0.000008
X	0.000493	0.000025	0.000025	0.000025
Y	0.000042	0.000042	0.000042	0.001001
Z	0.003178	0.000015	0.000015	0.000631
a	0.117616	0.820659	0.011759	0.859943
b	0.009249	0.004553	0.003197	0.015418
