A	0.000000	0.000000	0.000000	0.000000	0.000000
B	0.000002	0.000002	0.000002	0.299777	0.000002
C	0.000002	0.000002	0.000002	0.000002	0.000002
D	0.000002	0.000002	0.000002	0.000002	0.000002
E	0.000001	0.000001	0.000001	0.000001	0.000001
F	0.218830	0.000001	0.000001	0.000001	0.000001
G	0.000003	0.000003	0.000003	0.032847	0.000003
H	0.000000	0.000000	0.000000	0.000000	0.000000
I	0.000001	0.000001	0.000001	0.000001	0.096802
J	0.000001	0.000001	0.000001	0.000001	0.000001
K	0.000005	0.000005	0.000005	0.000005	0.000005
L	0.000001	0.000001	0.000001	0.000001	0.000001
M	0.000002	0.999953	0.999953	0.015301	0.000002
N	0.022251	0.000002	0.000002	0.027386	0.000002
O	0.000000	0.000000	0.000000	0.000000	0.000000
P	0.000002	0.000002	0.000002	0.000002	0.000002
Q	0.000001	0.000001	0.000001	0.000001	0.000001
R	0.000003	0.000003	0.000003	0.000003	0.000003
S	0.000001	0.000001	0.000001	0.000001	0.000001
T	0.210998	0.000003	0.000003	0.179750	0.000003
U	0.288295	0.000003	0.000003	0.251971	0.034221
V	0.000000	0.000000	0.000000	0.000000	0.000000
W	0.000002	0.000002	0.000002	0.079012	0.519357
X	0.000002	0.000002	0.000002	0.000002	0.000002
Y	0.000004	0.000004	0.000004	0.000004	0.000004
Z	0.000001	0.000001	0.000001	0.000001	0.000001
a	0.259346	0.000003	0.000003	0.070470	0.000032
b	0.000244	0.000003	0.000003	0.043459	0.349550
