A	0.068368	0.000012	0.000012	0.000012
B	0.000010	0.000010	0.000010	0.000010
C	0.000003	0.000003	0.000003	0.000003
D	0.413212	0.000023	0.000023	0.000023
E	0.006661	0.000017	0.000017	0.000017
F	0.000004	0.000004	0.000004	0.000004
G	0.000001	0.000001	0.000001	0.000001
H	0.000562	0.000008	0.000008	0.000008
I	0.042844	0.000024	0.000024	0.000024
J	0.000010	0.000010	0.000010	0.000010
K	0.000004	0.000004	0.000004	0.000004
L	0.035434	0.999819	0.999819	0.999819
M	0.177234	0.000028	0.000028	0.000028
N	0.000011	0.000011	0.000011	0.000011
O	0.000003	0.000003	0.000003	0.000003
P	0.255640	0.000023	0.000023	0.000023
