A	0.000001	0.074054	0.000001	0.000001	0.250949
B	0.000001	0.000001	0.000001	0.000001	0.087191
C	0.000001	0.000001	0.000001	0.000001	0.219217
D	0.000002	0.025806	0.000002	0.000002	0.442627
E	0.000002	0.032541	0.000002	0.751053	0.000002
F	0.000434	0.000000	0.000000	0.000000	0.000000
G	0.000000	0.000000	0.000000	0.000000	0.000000
H	0.000001	0.000001	0.000001	0.248929	0.000001
I	0.487020	0.084299	0.000003	0.000003	0.000003
J	0.026246	0.000001	0.000001	0.000001	0.000001
K	0.006690	0.000001	0.000001	0.000001	0.000001
L	0.478945	0.073585	0.000002	0.000002	0.000002
M	0.000002	0.443898	0.708346	0.000002	0.000002
N	0.000001	0.000001	0.000001	0.000001	0.000001
O	0.000652	0.000001	0.000001	0.000001	0.000001
P	0.000001	0.265811	0.291636	0.000001	0.000001
