A	0.000001	0.002105	0.000001	0.000001	0.000001
B	0.000004	0.000004	0.000004	0.000004	0.000004
C	0.000005	0.000005	0.000005	0.000005	0.000005
D	0.000005	0.324725	0.000005	0.000005	0.999877
E	0.000003	0.000003	0.000003	0.000003	0.000003
F	0.000002	0.000002	0.000002	0.000002	0.000002
G	0.000008	0.000008	0.000008	0.000008	0.000008
H	0.000000	0.000889	0.000000	0.000000	0.000000
I	0.000002	0.000002	0.000002	0.000002	0.000002
J	0.000003	0.000003	0.000003	0.000003	0.000003
K	0.000010	0.024397	0.000010	0.999882	0.000010
L	0.000001	0.000001	0.000001	0.000001	0.000001
M	0.000005	0.000005	0.000005	0.000005	0.000005
N	0.000003	0.024135	0.000003	0.000003	0.000003
O	0.000001	0.000001	0.000001	0.000001	0.000001
P	0.000006	0.000006	0.000006	0.000006	0.000006
Q	0.000007	0.000007	0.000007	0.000007	0.000007
R	0.810300	0.079381	0.000010	0.000010	0.000010
S	0.000003	0.000003	0.000003	0.000003	0.000003
T	0.000009	0.000009	0.000009	0.000009	0.000009
U	0.189594	0.032638	0.000012	0.000012	0.000012
V	0.000001	0.005334	0.000001	0.000001	0.000001
W	0.000003	0.000003	0.000003	0.000003	0.000003
X	0.000004	0.000004	0.000004	0.000004	0.000004
Y	0.000009	0.136430	0.784417	0.000009	0.000009
Z	0.000002	0.000002	0.000002	0.000002	0.000002
a	0.000006	0.000006	0.000006	0.000006	0.000006
b	0.000005	0.369892	0.215469	0.000005	0.000005
