A	0.000001	0.000001	0.000001	0.000001
B	0.000002	0.000002	0.000002	0.000002
C	0.529401	0.000003	0.997580	0.030848
D	0.007544	0.000002	0.000002	0.000002
E	0.000002	0.000002	0.000002	0.000002
F	0.000001	0.000001	0.000001	0.001436
G	0.000004	0.000004	0.000004	0.000004
H	0.000000	0.000000	0.000000	0.000000
I	0.000001	0.000001	0.000001	0.000001
J	0.000001	0.999944	0.002367	0.015042
K	0.000004	0.000004	0.000004	0.000004
L	0.000001	0.000001	0.000001	0.000001
M	0.000002	0.000002	0.000002	0.000329
N	0.000001	0.000001	0.000001	0.000001
O	0.000000	0.000000	0.000000	0.000000
P	0.000002	0.000002	0.000002	0.000002
Q	0.143781	0.000003	0.000003	0.870661
R	0.002987	0.000004	0.000004	0.000004
S	0.000001	0.000001	0.000001	0.000001
T	0.000004	0.000004	0.000004	0.036579
U	0.000004	0.000004	0.000004	0.000004
V	0.000000	0.000000	0.000000	0.000000
W	0.000001	0.000001	0.000001	0.000001
X	0.311257	0.000002	0.000002	0.041340
Y	0.004989	0.000004	0.000004	0.000004
Z	0.000001	0.000001	0.000001	0.000001
a	0.000003	0.000003	0.000003	0.003728
b	0.000002	0.000002	0.000002	0.000002
