A	0.000001	0.000001	0.000001	0.000001	0.000001	0.000001
B	0.000002	0.000002	0.000002	0.000002	0.000002	0.000002
C	0.000007	0.000007	0.000007	0.000007	0.000007	0.000007
D	0.000005	0.000005	0.000005	0.000005	0.000005	0.000005
E	0.000002	0.000002	0.000002	0.000002	0.000002	0.000002
F	0.000002	0.000002	0.000002	0.000002	0.000002	0.000002
G	0.000009	0.000009	0.000009	0.000009	0.000009	0.000360
H	0.000000	0.000000	0.000000	0.000000	0.000000	0.000000
I	0.000002	0.000002	0.000002	0.000002	0.000002	0.000002
J	0.000004	0.000004	0.000004	0.000004	0.000004	0.000004
K	0.000012	0.000012	0.000012	0.000012	0.000012	0.000012
L	0.000001	0.000001	0.000001	0.000001	0.000001	0.000001
M	0.000168	0.000005	0.000005	0.000005	0.000005	0.000005
N	0.000004	0.000004	0.000004	0.000004	0.000004	0.000004
O	0.000001	0.000001	0.000001	0.000001	0.000001	0.000001
P	0.000002	0.000002	0.000002	0.000002	0.000002	0.000002
Q	0.000005	0.000005	0.000005	0.000005	0.000005	0.000005
R	0.000008	0.000008	0.000008	0.000008	0.000008	0.000008
S	0.000001	0.000001	0.000001	0.000001	0.000001	0.000001
T	0.000007	0.999885	0.000007	0.000007	0.000853	0.596849
U	0.999265	0.000007	0.999885	0.000007	0.999039	0.000046
V	0.000001	0.000001	0.000001	0.000001	0.000001	0.000001
W	0.000002	0.000002	0.000002	0.000002	0.000002	0.000002
X	0.000006	0.000006	0.000006	0.000006	0.000006	0.000006
Y	0.000011	0.000011	0.000011	0.000011	0.000011	0.000011
Z	0.000002	0.000002	0.000002	0.000002	0.000002	0.000002
a	0.000465	0.000007	0.000007	0.000007	0.000007	0.402652
b	0.000006	0.000006	0.000006	0.999884	0.000006	0.000006
