A	0.000009	0.000009	0.000009	0.000009
B	0.000007	0.000007	0.000007	0.000007
C	0.331254	0.650992	0.000004	0.000004
D	0.000015	0.000015	0.000015	0.000015
E	0.000017	0.000017	0.000017	0.000017
F	0.000003	0.000003	0.000003	0.000003
G	0.129308	0.050592	0.000002	0.000002
H	0.000006	0.000006	0.000006	0.000006
I	0.000021	0.000021	0.000021	0.000021
J	0.000007	0.000007	0.000007	0.000007
K	0.000005	0.298281	0.999859	0.233374
L	0.000015	0.000015	0.000015	0.000015
M	0.000016	0.000016	0.000016	0.000016
N	0.000005	0.000005	0.000005	0.000005
O	0.539301	0.000003	0.000003	0.766489
P	0.000009	0.000009	0.000009	0.000009
