A	0.026393	0.000002	0.000002	0.000002	0.027709
B	0.000005	0.000005	0.000005	0.000005	0.057021
C	0.000008	0.000008	0.000008	0.000008	0.000008
D	0.000007	0.000007	0.000007	0.000007	0.000007
E	0.000005	0.000005	0.000005	0.000005	0.005221
F	0.000003	0.000003	0.772020	0.000003	0.000003
G	0.030935	0.000010	0.000010	0.000010	0.130775
H	0.000001	0.000001	0.001104	0.001104	0.000001
I	0.000003	0.000003	0.000003	0.000003	0.005233
J	0.000003	0.000003	0.000003	0.000003	0.000003
K	0.000012	0.000012	0.000012	0.000012	0.000012
L	0.000002	0.000002	0.000002	0.000002	0.000002
M	0.634698	0.000007	0.000007	0.960360	0.010368
N	0.000004	0.000004	0.000004	0.000004	0.024320
O	0.004749	0.000001	0.000001	0.000001	0.012178
P	0.000006	0.000006	0.000006	0.000006	0.029856
Q	0.000008	0.000008	0.000008	0.000008	0.000008
R	0.000012	0.000012	0.000012	0.000012	0.008517
S	0.000004	0.000004	0.000004	0.000004	0.014161
T	0.000012	0.987456	0.226733	0.000012	0.000012
U	0.104043	0.000011	0.000011	0.000011	0.164514
V	0.000001	0.001104	0.000001	0.000001	0.000001
W	0.000004	0.000004	0.000004	0.000004	0.006671
X	0.000005	0.000005	0.000005	0.000005	0.000005
Y	0.000010	0.000010	0.000010	0.000010	0.000010
Z	0.000003	0.000003	0.000003	0.000003	0.000003
a	0.199061	0.000008	0.000008	0.038392	0.499540
b	0.000006	0.011299	0.000006	0.000006	0.003842
