A	0.000004	0.000004	0.402597	0.628610	0.069980
B	0.000004	0.000004	0.000004	0.000004	0.000004
C	0.000001	0.000001	0.000001	0.000001	0.000001
D	0.000007	0.000007	0.000007	0.000007	0.000007
E	0.000009	0.597292	0.000009	0.000009	0.101311
F	0.000002	0.000002	0.000002	0.000002	0.000002
G	0.000001	0.000001	0.000001	0.000001	0.000001
H	0.000003	0.000003	0.000003	0.000003	0.000003
I	0.000008	0.319287	0.597347	0.371334	0.828661
J	0.000003	0.000003	0.000003	0.000003	0.000003
K	0.000001	0.000001	0.000001	0.000001	0.000001
L	0.000005	0.000005	0.000005	0.000005	0.000005
M	0.000010	0.083380	0.000010	0.000010	0.000010
N	0.999935	0.000003	0.000003	0.000003	0.000003
O	0.000001	0.000001	0.000001	0.000001	0.000001
P	0.000005	0.000005	0.000005	0.000005	0.000005
