A	0.005358	0.005358	0.005358	0.005358	0.005358	0.005358
B	0.005092	0.005092	0.005092	0.005092	0.005092	0.914183
C	0.001423	0.001423	0.001423	0.001423	0.001423	0.001423
D	0.008815	0.008815	0.008815	0.008815	0.008815	0.008815
E	0.012455	0.012455	0.012455	0.012455	0.921546	0.012455
F	0.002992	0.002992	0.002992	0.002992	0.002992	0.002992
G	0.001143	0.001143	0.001143	0.001143	0.001143	0.001143
H	0.004317	0.004317	0.004317	0.004317	0.004317	0.004317
I	0.011028	0.920119	0.011028	0.920119	0.011028	0.011028
J	0.004094	0.004094	0.004094	0.004094	0.004094	0.004094
K	0.001620	0.001620	0.001620	0.001620	0.001620	0.001620
L	0.916020	0.006929	0.006929	0.006929	0.006929	0.006929
M	0.013173	0.013173	0.922264	0.013173	0.013173	0.013173
N	0.004590	0.004590	0.004590	0.004590	0.004590	0.004590
O	0.001497	0.001497	0.001497	0.001497	0.001497	0.001497
P	0.006381	0.006381	0.006381	0.006381	0.006381	0.006381
