A	0.000778	0.000778	0.000778	0.000778	0.000778
B	0.001423	0.001423	0.001423	0.001423	0.001423
C	0.914183	0.914183	0.005092	0.914183	0.914183
D	0.003597	0.003597	0.003597	0.003597	0.003597
E	0.001662	0.001662	0.001662	0.001662	0.001662
F	0.001761	0.001761	0.001761	0.001761	0.001761
G	0.006375	0.006375	0.006375	0.006375	0.006375
H	0.000323	0.000323	0.000323	0.000323	0.000323
I	0.001143	0.001143	0.001143	0.001143	0.001143
J	0.002992	0.002992	0.002992	0.002992	0.002992
K	0.008614	0.008614	0.008614	0.008614	0.008614
L	0.000869	0.000869	0.000869	0.000869	0.000869
M	0.003841	0.003841	0.003841	0.003841	0.003841
N	0.003125	0.003125	0.003125	0.003125	0.003125
O	0.000408	0.000408	0.000408	0.000408	0.000408
P	0.001620	0.001620	0.001620	0.001620	0.001620
Q	0.004094	0.004094	0.004094	0.004094	0.004094
R	0.006031	0.006031	0.006031	0.006031	0.006031
S	0.001027	0.001027	0.001027	0.001027	0.001027
T	0.005000	0.005000	0.005000	0.005000	0.005000
U	0.005494	0.005494	0.005494	0.005494	0.005494
V	0.000578	0.000578	0.000578	0.000578	0.000578
W	0.001497	0.001497	0.001497	0.001497	0.001497
X	0.004590	0.004590	0.913681	0.004590	0.004590
Y	0.008026	0.008026	0.008026	0.008026	0.008026
Z	0.001285	0.001285	0.001285	0.001285	0.001285
a	0.005147	0.005147	0.005147	0.005147	0.005147
b	0.004518	0.004518	0.004518	0.004518	0.004518
