A	0.000004	0.000006	0.000004	0.722097	0.000004
B	0.000003	0.000003	0.000003	0.000008	0.999943
C	0.000001	0.000001	0.000001	0.000001	0.000001
D	0.004695	0.000026	0.000006	0.000006	0.000006
E	0.006316	0.999496	0.000016	0.000008	0.000008
F	0.000002	0.000002	0.000002	0.033152	0.000002
G	0.000001	0.000001	0.000001	0.000001	0.000001
H	0.000178	0.000425	0.000003	0.000003	0.000003
I	0.310274	0.000015	0.999938	0.000007	0.000007
J	0.000003	0.000003	0.000003	0.000003	0.000003
K	0.000001	0.000001	0.000001	0.000001	0.000001
L	0.000220	0.000005	0.000005	0.000005	0.000005
M	0.678274	0.000009	0.000009	0.000009	0.000009
N	0.000003	0.000003	0.000003	0.244693	0.000003
O	0.000001	0.000001	0.000001	0.000001	0.000001
P	0.000025	0.000004	0.000004	0.000004	0.000004
