A	0.000885	0.000885	0.000885	0.000885
B	0.002716	0.002716	0.002716	0.002716
C	0.004617	0.004617	0.004617	0.004617
D	0.003783	0.003783	0.003783	0.003783
E	0.002657	0.002657	0.002657	0.002657
F	0.001861	0.001861	0.001861	0.001861
G	0.005856	0.005856	0.005856	0.005856
H	0.000313	0.000313	0.000313	0.000313
I	0.001488	0.001488	0.001488	0.001488
J	0.001995	0.001995	0.001995	0.001995
K	0.006575	0.006575	0.006575	0.006575
L	0.001030	0.001030	0.001030	0.001030
M	0.003811	0.003811	0.003811	0.003811
N	0.002067	0.002067	0.002067	0.002067
O	0.000647	0.000647	0.000647	0.000647
P	0.003394	0.003394	0.003394	0.003394
Q	0.004516	0.004516	0.004516	0.004516
R	0.006647	0.006647	0.006647	0.006647
S	0.002121	0.002121	0.002121	0.002121
T	0.915760	0.006669	0.915760	0.915760
U	0.006308	0.006308	0.006308	0.006308
V	0.000571	0.000571	0.000571	0.000571
W	0.002160	0.002160	0.002160	0.002160
X	0.003135	0.003135	0.003135	0.003135
Y	0.005615	0.005615	0.005615	0.005615
Z	0.001645	0.001645	0.001645	0.001645
a	0.004577	0.913668	0.004577	0.004577
b	0.003248	0.003248	0.003248	0.003248
