A	0.000000	0.000000	0.000000	0.000000
B	0.295192	0.000001	0.999955	0.018833
C	0.000002	0.000002	0.000002	0.000002
D	0.000002	0.000002	0.000002	0.000639
E	0.000001	0.000001	0.000001	0.000001
F	0.013095	0.000001	0.000001	0.000001
G	0.000003	0.000003	0.000003	0.000003
H	0.000000	0.000000	0.000000	0.000000
I	0.000001	0.999954	0.000001	0.001659
J	0.000001	0.000001	0.000001	0.000001
K	0.000003	0.000003	0.000003	0.000019
L	0.000001	0.000001	0.000001	0.000001
M	0.000058	0.000002	0.000002	0.000002
N	0.000001	0.000001	0.000001	0.000001
O	0.000000	0.000000	0.000000	0.000000
P	0.457168	0.000002	0.000002	0.950180
Q	0.000002	0.000002	0.000002	0.000002
R	0.000003	0.000003	0.000003	0.010422
S	0.000001	0.000001	0.000001	0.000001
T	0.050216	0.000003	0.000003	0.000003
U	0.000003	0.000003	0.000003	0.000003
V	0.000000	0.000000	0.000000	0.000000
W	0.182763	0.000001	0.000001	0.017804
X	0.000002	0.000002	0.000002	0.000002
Y	0.000003	0.000003	0.000003	0.000415
Z	0.000001	0.000001	0.000001	0.000001
a	0.001474	0.000002	0.000002	0.000002
b	0.000002	0.000002	0.000002	0.000002
