A	0.005644	0.005644	0.005644	0.005644
B	0.004617	0.004617	0.004617	0.004617
C	0.002716	0.002716	0.002716	0.002716
D	0.009400	0.009400	0.009400	0.009400
E	0.919473	0.919473	0.010382	0.010382
F	0.001995	0.001995	0.001995	0.001995
G	0.001488	0.001488	0.001488	0.001488
H	0.003410	0.003410	0.003410	0.003410
I	0.013318	0.013318	0.922409	0.013318
J	0.004516	0.004516	0.004516	0.004516
K	0.003394	0.003394	0.003394	0.003394
L	0.009076	0.009076	0.009076	0.009076
M	0.010191	0.010191	0.010191	0.919282
N	0.003135	0.003135	0.003135	0.003135
O	0.002160	0.002160	0.002160	0.002160
P	0.005465	0.005465	0.005465	0.005465
