A	0.000002	0.000002	0.000002	0.000002	0.000002	0.000002
B	0.000006	0.000006	0.000006	0.000006	0.000006	0.000006
C	0.000007	0.000007	0.000007	0.000007	0.000007	0.024062
D	0.000011	0.035633	0.000011	0.000011	0.000011	0.040271
E	0.004316	0.000005	0.000005	0.000005	0.000005	0.000005
F	0.000006	0.000006	0.000006	0.000006	0.000006	0.000006
G	0.000013	0.000013	0.000013	0.000013	0.000013	0.015776
H	0.000001	0.000001	0.000001	0.000001	0.000001	0.000001
I	0.000004	0.000004	0.000004	0.000004	0.000004	0.000004
J	0.000004	0.000004	0.000004	0.000004	0.000004	0.000004
K	0.000018	0.578820	0.000018	0.000018	0.000018	0.000018
L	0.000002	0.000002	0.000002	0.000002	0.000002	0.000002
M	0.000010	0.000010	0.000010	0.000010	0.000010	0.000010
N	0.000006	0.023394	0.000006	0.000006	0.000006	0.000006
O	0.000002	0.000002	0.000002	0.000002	0.000002	0.000002
P	0.000009	0.000009	0.000009	0.000009	0.000009	0.000009
Q	0.000009	0.000009	0.000009	0.000009	0.000009	0.000009
R	0.994378	0.040137	0.000019	0.000019	0.000019	0.330976
S	0.000004	0.000004	0.000004	0.000004	0.000004	0.000004
T	0.000019	0.000019	0.000019	0.000019	0.000019	0.000019
U	0.000016	0.000016	0.999773	0.000016	0.000016	0.000016
V	0.000002	0.000002	0.000002	0.000002	0.000002	0.000002
W	0.000008	0.000008	0.000008	0.000008	0.000008	0.000008
X	0.000009	0.000009	0.000009	0.000009	0.000009	0.019488
Y	0.001105	0.321844	0.000018	0.999774	0.999774	0.569261
Z	0.000005	0.000005	0.000005	0.000005	0.000005	0.000005
a	0.000016	0.000016	0.000016	0.000016	0.000016	0.000016
b	0.000013	0.000013	0.000013	0.000013	0.000013	0.000013
