A	0.000000	0.000000	0.000000	0.000000	0.000000
B	0.000000	0.000000	0.000000	0.000000	0.000000
C	0.603990	0.000001	0.999978	0.039395	0.000001
D	0.000001	0.000001	0.000001	0.000001	0.000001
E	0.000000	0.000000	0.000000	0.000000	0.000000
F	0.000000	0.000000	0.000000	0.000000	0.000000
G	0.000001	0.000001	0.000001	0.000001	0.000001
H	0.000000	0.000000	0.000000	0.000000	0.000000
I	0.000000	0.000000	0.000000	0.000000	0.000000
J	0.108771	0.890703	0.000001	0.038929	0.891725
K	0.000002	0.000002	0.000002	0.000002	0.000002
L	0.000000	0.000000	0.000000	0.000000	0.000000
M	0.000001	0.000001	0.000001	0.000001	0.108253
N	0.000001	0.000001	0.000001	0.000001	0.000001
O	0.000000	0.000000	0.000000	0.000000	0.000000
P	0.000001	0.000001	0.000001	0.000001	0.000001
Q	0.000001	0.109276	0.000001	0.000001	0.000001
R	0.000002	0.000002	0.000002	0.000002	0.000002
S	0.000000	0.000000	0.000000	0.000000	0.000000
T	0.000002	0.000002	0.000002	0.000002	0.000002
U	0.000002	0.000002	0.000002	0.000002	0.000002
V	0.000000	0.000000	0.000000	0.000000	0.000000
W	0.000001	0.000001	0.000001	0.000001	0.000001
X	0.282820	0.000001	0.000001	0.921655	0.000001
Y	0.004400	0.000001	0.000001	0.000001	0.000001
Z	0.000000	0.000000	0.000000	0.000000	0.000000
a	0.000002	0.000002	0.000002	0.000002	0.000002
b	0.000001	0.000001	0.000001	0.000001	0.000001
