A	0.000018	0.000018	0.000018	0.000018	0.050482	0.367253
B	0.000008	0.000008	0.867694	0.007189	0.000008	0.000008
C	0.000007	0.000007	0.000007	0.000007	0.000007	0.000007
D	0.000022	0.000022	0.000022	0.000022	0.000022	0.124461
E	0.000032	0.000032	0.000032	0.000032	0.176168	0.098118
F	0.000004	0.000004	0.000004	0.003258	0.000004	0.000004
G	0.000005	0.000005	0.000005	0.000005	0.000005	0.000005
H	0.000010	0.000010	0.000010	0.000010	0.000010	0.000010
I	0.000043	0.000043	0.000043	0.989336	0.533072	0.186809
J	0.999737	0.000010	0.000010	0.000010	0.000010	0.000010
K	0.000010	0.000010	0.000010	0.000010	0.000010	0.000010
L	0.000025	0.000025	0.000025	0.000025	0.000025	0.000025
M	0.000038	0.000038	0.000038	0.000038	0.116634	0.223238
N	0.000010	0.999738	0.132052	0.000010	0.000010	0.000010
O	0.000009	0.000009	0.000009	0.000009	0.000009	0.000009
P	0.000023	0.000023	0.000023	0.000023	0.123526	0.000023
