A	0.000023	0.000023	0.000023	0.000023	0.000023	0.000023
B	0.000010	0.000010	0.000010	0.000010	0.000010	0.000010
C	0.000008	0.000008	0.000008	0.000008	0.005709	0.000008
D	0.000027	0.000027	0.000027	0.000027	0.000027	0.000027
E	0.000039	0.000039	0.999699	0.999699	0.000039	0.000039
F	0.000005	0.000005	0.000005	0.000005	0.000005	0.000005
G	0.000006	0.000006	0.000006	0.000006	0.000006	0.069163
H	0.000012	0.000012	0.000012	0.000012	0.000012	0.031739
I	0.000054	0.000054	0.000054	0.000054	0.665769	0.287491
J	0.000012	0.000012	0.000012	0.000012	0.000012	0.015450
K	0.000012	0.000012	0.000012	0.000012	0.328256	0.595913
L	0.000031	0.000031	0.000031	0.000031	0.000031	0.000031
M	0.037242	0.999707	0.000047	0.000047	0.000047	0.000047
N	0.000013	0.000013	0.000013	0.000013	0.000013	0.000013
O	0.000011	0.000011	0.000011	0.000011	0.000011	0.000011
P	0.962493	0.000028	0.000028	0.000028	0.000028	0.000028
