A	0.000033	0.000033	0.000033	0.000033	0.000033	0.000033
B	0.000014	0.000014	0.000014	0.000014	0.000014	0.000014
C	0.000012	0.000012	0.000012	0.000012	0.000012	0.000012
D	0.000039	0.000039	0.000039	0.000039	0.006611	0.013034
E	0.000056	0.000056	0.000056	0.000056	0.000056	0.001863
F	0.000008	0.000008	0.000008	0.000008	0.000008	0.000008
G	0.000008	0.000008	0.000008	0.000008	0.000008	0.000008
H	0.000018	0.000018	0.999535	0.999535	0.000597	0.283427
I	0.000077	0.000077	0.000077	0.000077	0.003419	0.078175
J	0.000017	0.000017	0.000017	0.000017	0.000017	0.000017
K	0.000017	0.000017	0.000017	0.000017	0.000017	0.000017
L	0.000044	0.000044	0.000044	0.000044	0.988852	0.611510
M	0.000067	0.000067	0.000067	0.000067	0.000067	0.000067
N	0.000018	0.000018	0.000018	0.000018	0.000018	0.000018
O	0.000016	0.000016	0.000016	0.000016	0.000016	0.000016
P	0.999558	0.999558	0.000040	0.000040	0.000255	0.011782
