A	0.038585	0.000004	0.000004	0.000004	0.000004	0.000004
B	0.000002	0.000002	0.000002	0.000002	0.000002	0.000002
C	0.000002	0.000002	0.000002	0.000002	0.000002	0.000002
D	0.724580	0.000005	0.000005	0.000005	0.887505	0.000005
E	0.000007	0.000007	0.000007	0.000007	0.000007	0.000007
F	0.000001	0.000001	0.000001	0.000001	0.000001	0.000001
G	0.000001	0.000001	0.000001	0.000001	0.000001	0.000001
H	0.082899	0.000002	0.000002	0.000002	0.000002	0.000002
I	0.000010	0.000010	0.000010	0.000010	0.000010	0.286370
J	0.000002	0.000002	0.000002	0.000002	0.000002	0.000002
K	0.000002	0.000002	0.000002	0.000002	0.000002	0.000002
L	0.068178	0.999942	0.000006	0.000006	0.112442	0.713582
M	0.000009	0.000009	0.000009	0.000009	0.000009	0.000009
N	0.000002	0.000002	0.000002	0.000002	0.000002	0.000002
O	0.000002	0.000002	0.000002	0.000002	0.000002	0.000002
P	0.085717	0.000005	0.999941	0.999941	0.000005	0.000005
