A	0.034251	0.005815	0.000008	0.025443
B	0.000313	0.000006	0.000006	0.000125
C	0.000169	0.000053	0.000003	0.001065
D	0.002952	0.011335	0.005573	0.000184
E	0.032666	0.342703	0.008408	0.045054
F	0.000482	0.000003	0.000003	0.002110
G	0.000001	0.000001	0.000001	0.001073
H	0.007207	0.009214	0.000515	0.003098
I	0.094009	0.022927	0.934033	0.033689
J	0.001105	0.000008	0.000008	0.000330
K	0.000005	0.000004	0.001606	0.000165
L	0.010751	0.015678	0.033634	0.000641
M	0.795699	0.585702	0.001839	0.843324
N	0.001096	0.000005	0.000005	0.019860
O	0.000603	0.000327	0.000803	0.012919
P	0.018691	0.006219	0.013556	0.010919
