A	0.000022	0.000022	0.000022	0.007178
B	0.158050	0.001393	0.002150	0.003262
C	0.000009	0.000009	0.000009	0.000009
D	0.000034	0.000034	0.000034	0.000034
E	0.000042	0.000042	0.000042	0.009304
F	0.054501	0.011296	0.000092	0.007311
G	0.000005	0.000005	0.000005	0.000005
H	0.000012	0.000012	0.000012	0.000012
I	0.006390	0.000069	0.000069	0.045725
J	0.157760	0.862256	0.078521	0.058205
K	0.000014	0.000014	0.000014	0.000014
L	0.000042	0.000042	0.000042	0.000042
M	0.000047	0.000047	0.000047	0.106537
N	0.623044	0.124731	0.918913	0.762335
O	0.000007	0.000007	0.000007	0.000007
P	0.000020	0.000020	0.000020	0.000020
