A	0.005848	0.005848	0.005848	0.005848
B	0.004078	0.004078	0.004078	0.004078
C	0.001820	0.001820	0.001820	0.001820
D	0.009664	0.918755	0.009664	0.009664
E	0.921200	0.012110	0.012110	0.012110
F	0.002314	0.002314	0.002314	0.002314
G	0.001364	0.001364	0.001364	0.001364
H	0.004754	0.004754	0.004754	0.004754
I	0.013264	0.013264	0.013264	0.013264
J	0.003600	0.003600	0.003600	0.003600
K	0.002240	0.002240	0.002240	0.002240
L	0.007901	0.007901	0.007901	0.916992
M	0.010537	0.010537	0.010537	0.010537
N	0.003286	0.003286	0.003286	0.003286
O	0.001776	0.001776	0.001776	0.001776
P	0.006353	0.006353	0.915444	0.006353
