A	0.000023	0.000007	0.000007	0.000007	0.000007	0.000522
B	0.999201	0.042800	0.891097	0.999902	0.035946	0.999198
C	0.000002	0.000002	0.000002	0.000002	0.000002	0.000002
D	0.000011	0.000011	0.000011	0.000011	0.000011	0.000011
E	0.000015	0.000014	0.000014	0.000014	0.000014	0.000017
F	0.000185	0.094509	0.108808	0.000003	0.127610	0.000003
G	0.000002	0.000002	0.000002	0.000002	0.000002	0.000002
H	0.000005	0.000005	0.000005	0.000005	0.000005	0.000005
I	0.000516	0.000015	0.000015	0.000015	0.000015	0.000015
J	0.000004	0.049723	0.000004	0.000004	0.619332	0.000007
K	0.000003	0.000003	0.000003	0.000003	0.000003	0.000003
L	0.000009	0.000009	0.000009	0.000009	0.000009	0.000009
M	0.000012	0.000012	0.000012	0.000012	0.000012	0.000183
N	0.000004	0.812881	0.000004	0.000004	0.217025	0.000015
O	0.000002	0.000002	0.000002	0.000002	0.000002	0.000002
P	0.000007	0.000007	0.000007	0.000007	0.000007	0.000007
