A	0.000001	0.000001	0.000001	0.000001	0.000001	0.000001
B	0.000001	0.000001	0.000001	0.803620	0.000001	0.000001
C	0.000003	0.000003	0.000003	0.000003	0.000003	0.000003
D	0.000003	0.000003	0.000003	0.000003	0.000003	0.000003
E	0.000002	0.000002	0.000002	0.000002	0.000002	0.000002
F	0.000001	0.000001	0.000001	0.000001	0.000001	0.000001
G	0.000005	0.000005	0.000005	0.000005	0.000005	0.000005
H	0.000000	0.000000	0.000000	0.000000	0.000000	0.000000
I	0.000001	0.000001	0.000001	0.000001	0.000001	0.000001
J	0.000002	0.000002	0.000002	0.000002	0.000002	0.000002
K	0.000006	0.000006	0.000006	0.000006	0.000006	0.058352
L	0.000001	0.000001	0.000001	0.000001	0.000001	0.000001
M	0.000004	0.000004	0.000004	0.000004	0.000004	0.000004
N	0.000002	0.000002	0.000002	0.000002	0.000002	0.000002
O	0.000000	0.000000	0.000000	0.000000	0.000000	0.000000
P	0.000002	0.000002	0.000002	0.000002	0.000002	0.000002
Q	0.000003	0.000003	0.000003	0.000003	0.000003	0.000003
R	0.000006	0.000006	0.000006	0.049970	0.999931	0.941585
S	0.000001	0.000001	0.000001	0.000001	0.000001	0.000001
T	0.000005	0.000005	0.000005	0.000005	0.000005	0.000005
U	0.000005	0.000005	0.000005	0.000005	0.000005	0.000005
V	0.000000	0.000000	0.000000	0.000000	0.000000	0.000000
W	0.999927	0.999927	0.999927	0.146344	0.000001	0.000001
X	0.000003	0.000003	0.000003	0.000003	0.000003	0.000003
Y	0.000005	0.000005	0.000005	0.000005	0.000005	0.000005
Z	0.000001	0.000001	0.000001	0.000001	0.000001	0.000001
a	0.000004	0.000004	0.000004	0.000004	0.000004	0.000004
b	0.000003	0.000003	0.000003	0.000003	0.000003	0.000003
