A	0.999898	0.000001	0.000001	0.000001	0.000001
B	0.000002	0.000002	0.000002	0.000002	0.000002
C	0.000005	0.000005	0.000005	0.000005	0.000005
D	0.000005	0.000005	0.001420	0.000063	0.000005
E	0.000003	0.000003	0.000003	0.000003	0.000003
F	0.000002	0.000002	0.000002	0.000002	0.000002
G	0.000007	0.000007	0.000007	0.000007	0.000007
H	0.000000	0.000000	0.000004	0.000000	0.000000
I	0.000002	0.000002	0.000002	0.000002	0.000002
J	0.000003	0.000003	0.000003	0.000003	0.000003
K	0.000009	0.000009	0.000046	0.635397	0.998025
L	0.000002	0.000002	0.000002	0.000002	0.000002
M	0.000005	0.000005	0.000005	0.000005	0.000005
N	0.000003	0.000003	0.000003	0.000003	0.001435
O	0.000001	0.999897	0.360646	0.000001	0.000001
P	0.000003	0.000003	0.000003	0.000003	0.000003
Q	0.000004	0.000004	0.000004	0.000004	0.000004
R	0.000008	0.000008	0.000374	0.364451	0.000066
S	0.000002	0.000002	0.000002	0.000002	0.000002
T	0.000007	0.000007	0.000007	0.000007	0.000007
U	0.000006	0.000006	0.000006	0.000006	0.000006
V	0.000001	0.000001	0.000001	0.000001	0.000001
W	0.000002	0.000002	0.000002	0.000002	0.000002
X	0.000004	0.000004	0.000004	0.000004	0.000004
Y	0.000007	0.000007	0.637435	0.000013	0.000397
Z	0.000002	0.000002	0.000002	0.000002	0.000002
a	0.000005	0.000005	0.000005	0.000005	0.000005
b	0.000004	0.000004	0.000004	0.000004	0.000004
