A	0.000008	0.000108	0.030353	0.000112	0.000001
B	0.000001	0.000001	0.000001	0.000001	0.000001
C	0.000002	0.000002	0.000002	0.000002	0.000002
D	0.000002	0.000002	0.000002	0.000002	0.000002
E	0.000002	0.000002	0.000002	0.000002	0.000002
F	0.012485	0.213838	0.000001	0.000001	0.000001
G	0.000003	0.000003	0.000003	0.000003	0.000003
H	0.000009	0.061130	0.008483	0.064254	0.000218
I	0.000001	0.000001	0.000001	0.000001	0.000001
J	0.000001	0.000001	0.000001	0.000001	0.000001
K	0.000004	0.000004	0.000004	0.000004	0.000004
L	0.000001	0.000001	0.000001	0.000001	0.000001
M	0.985070	0.344735	0.000003	0.204846	0.000003
N	0.000002	0.000002	0.000002	0.000002	0.000002
O	0.000029	0.000702	0.000000	0.297306	0.300025
P	0.000001	0.000001	0.000001	0.000001	0.000001
Q	0.000002	0.000002	0.000002	0.000002	0.000002
R	0.000004	0.000004	0.000004	0.000004	0.000004
S	0.000001	0.000001	0.000001	0.000001	0.000001
T	0.001278	0.330761	0.319471	0.000004	0.699709
U	0.000003	0.000003	0.000003	0.000003	0.000003
V	0.000000	0.002678	0.641645	0.433433	0.000000
W	0.000001	0.000001	0.000001	0.000001	0.000001
X	0.000002	0.000002	0.000002	0.000002	0.000002
Y	0.000003	0.000003	0.000003	0.000003	0.000003
Z	0.000001	0.000001	0.000001	0.000001	0.000001
a	0.001079	0.046007	0.000003	0.000003	0.000003
b	0.000002	0.000002	0.000002	0.000002	0.000002
