A	0.000000	0.000000	0.000000	0.000000
B	0.000001	0.000001	0.000001	0.000001
C	0.000002	0.000002	0.000002	0.000002
D	0.000001	0.000001	0.000001	0.000001
E	0.000001	0.000001	0.000001	0.000001
F	0.022899	0.000001	0.000001	0.070525
G	0.019219	0.000002	0.000002	0.000002
H	0.000000	0.000000	0.000000	0.000000
I	0.000001	0.000001	0.000001	0.000001
J	0.000001	0.000001	0.000001	0.000001
K	0.000003	0.000003	0.000003	0.000003
L	0.000001	0.000001	0.000001	0.000001
M	0.370291	0.000002	0.000002	0.929443
N	0.000015	0.000001	0.999967	0.000001
O	0.000000	0.000000	0.000000	0.000000
P	0.000001	0.000001	0.000001	0.000001
Q	0.000001	0.000001	0.000001	0.000001
R	0.000003	0.000003	0.000003	0.000003
S	0.000001	0.000001	0.000001	0.000001
T	0.000002	0.000002	0.000002	0.000002
U	0.196164	0.000002	0.000002	0.000002
V	0.000000	0.000000	0.000000	0.000000
W	0.000001	0.000001	0.000001	0.000001
X	0.000001	0.000001	0.000001	0.000001
Y	0.000002	0.000002	0.000002	0.000002
Z	0.000001	0.000001	0.000001	0.000001
a	0.001969	0.000002	0.000002	0.000002
b	0.389421	0.999968	0.000001	0.000001
