A	0.000007	0.000050	0.000044	0.000772	0.000007
B	0.000005	0.000005	0.000005	0.000328	0.999895
C	0.000002	0.000002	0.000002	0.000002	0.000002
D	0.000012	0.511996	0.001191	0.000012	0.000012
E	0.000015	0.000015	0.000570	0.998454	0.000015
F	0.000003	0.000003	0.000003	0.000003	0.000003
G	0.000002	0.000002	0.000002	0.000002	0.000002
H	0.000006	0.000006	0.000006	0.000006	0.000006
I	0.000016	0.000016	0.997609	0.000025	0.000016
J	0.000004	0.000004	0.000004	0.000039	0.000004
K	0.000003	0.000003	0.000003	0.000003	0.000003
L	0.999899	0.487871	0.000327	0.000010	0.000010
M	0.000013	0.000013	0.000221	0.000013	0.000013
N	0.000004	0.000004	0.000004	0.000322	0.000004
O	0.000002	0.000002	0.000002	0.000002	0.000002
P	0.000008	0.000008	0.000008	0.000008	0.000008
