A	0.000001	0.000000	0.000042	0.000001	0.000002
B	0.000000	0.000000	0.000000	0.000000	0.000000
C	0.000000	0.000000	0.000000	0.000000	0.000000
D	0.000001	0.653063	0.000008	0.000018	0.000001
E	0.000001	0.342038	0.000221	0.998979	0.000001
F	0.000000	0.000000	0.000000	0.000000	0.000000
G	0.000000	0.000000	0.000000	0.000000	0.000000
H	0.000000	0.000019	0.000000	0.000000	0.000000
I	0.999995	0.000001	0.999659	0.000999	0.000001
J	0.000000	0.000000	0.000000	0.000000	0.000000
K	0.000000	0.000000	0.000000	0.000000	0.000042
L	0.000001	0.004875	0.000065	0.000001	0.000001
M	0.000001	0.000001	0.000002	0.000001	0.586643
N	0.000000	0.000000	0.000000	0.000000	0.000003
O	0.000000	0.000000	0.000000	0.000000	0.000000
P	0.000000	0.000000	0.000000	0.000000	0.413306
