A	0.000000	0.000000	0.000000	0.000000
B	0.000056	0.000000	0.000000	0.000000
C	0.000000	0.000000	0.000000	0.000000
D	0.000158	0.000001	0.000001	0.000001
E	0.000001	0.817236	0.000001	0.473772
F	0.000000	0.000000	0.000000	0.000001
G	0.000011	0.000000	0.000000	0.000000
H	0.034146	0.015695	0.000031	0.000000
I	0.000001	0.014343	0.953785	0.525990
J	0.000001	0.000000	0.000000	0.000000
K	0.000000	0.000000	0.000000	0.000102
L	0.000001	0.000001	0.046178	0.000001
M	0.201821	0.152722	0.000001	0.000017
N	0.000000	0.000000	0.000000	0.000000
O	0.000535	0.000000	0.000000	0.000115
P	0.763269	0.000000	0.000002	0.000000
