A	0.000001	0.000001	0.000001	0.000001	0.000001
B	0.000003	0.000003	0.000003	0.000003	0.000003
C	0.000007	0.000007	0.000007	0.000007	0.000007
D	0.000007	0.000007	0.000007	0.000007	0.000007
E	0.000005	0.000005	0.000005	0.000005	0.000005
F	0.000003	0.000003	0.000003	0.000003	0.000003
G	0.000010	0.000010	0.000133	0.000010	0.999861
H	0.000001	0.000001	0.000001	0.000001	0.000001
I	0.000002	0.000002	0.000002	0.000002	0.000002
J	0.000004	0.000004	0.000004	0.000004	0.000004
K	0.000066	0.000013	0.000013	0.000013	0.000013
L	0.000002	0.000002	0.000002	0.000002	0.000002
M	0.000007	0.000007	0.000007	0.000007	0.000007
N	0.000005	0.000005	0.000017	0.999856	0.000005
O	0.000001	0.000001	0.000001	0.000001	0.000001
P	0.000004	0.000004	0.000004	0.000004	0.000004
Q	0.000006	0.000006	0.000006	0.000006	0.000006
R	0.999809	0.000012	0.455184	0.000012	0.000012
S	0.000003	0.000003	0.000003	0.000003	0.000003
T	0.000010	0.000010	0.000010	0.000010	0.000010
U	0.000009	0.000009	0.000010	0.000009	0.000009
V	0.000001	0.000001	0.000001	0.000001	0.000001
W	0.000003	0.000003	0.000003	0.000003	0.000003
X	0.000005	0.000005	0.000005	0.000005	0.000005
Y	0.000009	0.999861	0.000010	0.000009	0.000009
Z	0.000003	0.000003	0.000003	0.000003	0.000003
a	0.000008	0.000008	0.000008	0.000008	0.000008
b	0.000006	0.000006	0.544549	0.000006	0.000006
