A	0.000000	0.000000	0.997487	0.000000
B	0.000000	0.000000	0.000000	0.000000
C	0.000000	0.000000	0.000000	0.000000
D	0.000000	0.000000	0.000000	0.000000
E	0.000000	0.000000	0.000000	0.000000
F	0.000000	0.000000	0.000000	0.000000
G	0.000000	0.000000	0.000000	0.000000
H	0.356622	0.356622	0.000000	0.000000
I	0.000000	0.000000	0.000000	0.000000
J	0.000000	0.000000	0.000000	0.000000
K	0.000001	0.000001	0.000001	0.000001
L	0.000000	0.000000	0.000000	0.000000
M	0.000000	0.000000	0.000000	0.000000
N	0.000000	0.000000	0.000000	0.000000
O	0.000000	0.000000	0.000000	0.000000
P	0.000000	0.000000	0.000000	0.000000
Q	0.000000	0.000000	0.000000	0.000000
R	0.643372	0.000000	0.000000	0.000000
S	0.000000	0.000000	0.000000	0.000000
T	0.000000	0.000000	0.000000	0.000000
U	0.000000	0.000000	0.000000	0.000000
V	0.000000	0.000000	0.002507	0.999994
W	0.000000	0.000000	0.000000	0.000000
X	0.000000	0.000000	0.000000	0.000000
Y	0.000000	0.643372	0.000000	0.000000
Z	0.000000	0.000000	0.000000	0.000000
a	0.000000	0.000000	0.000000	0.000000
b	0.000000	0.000000	0.000000	0.000000
