A	0.000001	0.000001	0.000001	0.000001
B	0.000002	0.000002	0.000002	0.000002
C	0.000004	0.000004	0.000004	0.000004
D	0.000004	0.000004	0.000010	0.479026
E	0.000003	0.000003	0.000003	0.000556
F	0.000002	0.000002	0.000002	0.000002
G	0.000005	0.000005	0.000005	0.000008
H	0.000000	0.000000	0.000000	0.000000
I	0.000001	0.000001	0.000001	0.000001
J	0.000002	0.000002	0.000002	0.000232
K	0.000007	0.000007	0.460793	0.258587
L	0.000001	0.000001	0.000001	0.000001
M	0.000004	0.000004	0.000004	0.000004
N	0.000003	0.999923	0.000003	0.000232
O	0.000000	0.000000	0.000000	0.000000
P	0.000002	0.000002	0.000002	0.000002
Q	0.000003	0.000003	0.000003	0.001928
R	0.000006	0.000006	0.531988	0.250259
S	0.000001	0.000001	0.000001	0.000001
T	0.000005	0.000005	0.000005	0.000005
U	0.000005	0.000005	0.000005	0.000010
V	0.000001	0.000001	0.000001	0.000001
W	0.000002	0.000002	0.000002	0.000002
X	0.000003	0.000003	0.000003	0.000003
Y	0.000005	0.000005	0.007152	0.009124
Z	0.000002	0.000002	0.000002	0.000002
a	0.000004	0.000004	0.000004	0.000004
b	0.999924	0.000003	0.000003	0.000003
