A	0.000138	0.000004	0.000002	0.000002	0.001486
B	0.000002	0.000002	0.000002	0.000002	0.000002
C	0.000001	0.000001	0.000001	0.000001	0.000001
D	0.000004	0.105288	0.082887	0.000004	0.630057
E	0.013062	0.000159	0.000062	0.000005	0.000028
F	0.000001	0.000001	0.000001	0.000001	0.000001
G	0.000001	0.000001	0.000001	0.000001	0.000001
H	0.000801	0.000388	0.015983	0.000002	0.000587
I	0.954479	0.000012	0.000029	0.000329	0.367824
J	0.000001	0.000001	0.000001	0.000001	0.000001
K	0.000001	0.000001	0.000001	0.000001	0.000001
L	0.031489	0.000003	0.000003	0.767621	0.000003
M	0.000017	0.000004	0.000004	0.000004	0.000004
N	0.000001	0.000001	0.000001	0.000001	0.000001
O	0.000001	0.000001	0.000001	0.000001	0.000001
P	0.000003	0.894132	0.901021	0.232025	0.000003
