A	0.000001	0.000001	0.000001	0.000001	0.000001	0.000001
B	0.000002	0.000002	0.000002	0.000002	0.000002	0.000002
C	0.000004	0.000004	0.000004	0.000004	0.000004	0.000004
D	0.999919	0.000180	0.000004	0.019405	0.000004	0.000004
E	0.000003	0.000003	0.000003	0.000003	0.000003	0.000003
F	0.000002	0.000002	0.000002	0.000002	0.000002	0.000002
G	0.000006	0.000009	0.000006	0.000006	0.000182	0.000250
H	0.000000	0.000000	0.000000	0.000000	0.000000	0.000000
I	0.000001	0.000001	0.000001	0.000001	0.000001	0.000001
J	0.000002	0.000002	0.000002	0.000002	0.000002	0.000002
K	0.000007	0.000007	0.000062	0.000038	0.000062	0.999620
L	0.000001	0.000001	0.000001	0.000001	0.000001	0.000001
M	0.000004	0.000004	0.000004	0.000004	0.000004	0.000004
N	0.000003	0.000003	0.000003	0.000003	0.000003	0.000003
O	0.000000	0.000000	0.000000	0.000000	0.000000	0.000000
P	0.000002	0.000002	0.000002	0.000002	0.000002	0.000002
Q	0.000003	0.000003	0.000003	0.000003	0.000003	0.000003
R	0.000007	0.000007	0.003454	0.002432	0.999663	0.000007
S	0.000002	0.000002	0.000002	0.000002	0.000002	0.000002
T	0.000006	0.000006	0.000006	0.000006	0.000006	0.000006
U	0.000005	0.523729	0.000313	0.000005	0.000005	0.000060
V	0.000001	0.000001	0.000001	0.000001	0.000001	0.000001
W	0.000002	0.000002	0.000002	0.000002	0.000002	0.000002
X	0.000003	0.000003	0.000003	0.000003	0.000003	0.000003
Y	0.000005	0.476017	0.996111	0.978063	0.000032	0.000009
Z	0.000002	0.000002	0.000002	0.000002	0.000002	0.000002
a	0.000004	0.000004	0.000004	0.000004	0.000004	0.000004
b	0.000004	0.000004	0.000004	0.000004	0.000004	0.000004
