A	0.000004	0.000004	0.000004	0.000004	0.000006	0.000004
B	0.000003	0.000003	0.000003	0.000003	0.000003	0.000003
C	0.000001	0.000001	0.000001	0.000001	0.000001	0.000001
D	0.999941	0.000007	0.000007	0.000007	0.000247	0.000007
E	0.000009	0.000009	0.000009	0.999915	0.416033	0.000009
F	0.000002	0.000002	0.000002	0.000002	0.000002	0.000002
G	0.000001	0.000001	0.000001	0.000001	0.000001	0.000001
H	0.000003	0.000003	0.000003	0.000003	0.000003	0.000003
I	0.000010	0.000010	0.000010	0.000010	0.000052	0.000010
J	0.000003	0.000003	0.000003	0.000003	0.000003	0.000003
K	0.000002	0.000002	0.000002	0.000002	0.000002	0.000002
L	0.000006	0.999939	0.000006	0.000006	0.583619	0.999939
M	0.000008	0.000008	0.999941	0.000035	0.000019	0.000008
N	0.000002	0.000002	0.000002	0.000002	0.000002	0.000002
O	0.000001	0.000001	0.000001	0.000001	0.000001	0.000001
P	0.000005	0.000005	0.000005	0.000005	0.000005	0.000005
