A	0.000001	0.000001	0.000001	0.000001	0.000001	0.000001
B	0.000002	0.000002	0.000002	0.000002	0.000002	0.000002
C	0.000003	0.000003	0.000003	0.000003	0.000003	0.000003
D	0.000003	0.000003	0.000003	0.000003	0.000003	0.000003
E	0.000002	0.000002	0.000002	0.000002	0.000002	0.000002
F	0.000002	0.000002	0.000002	0.000026	0.000002	0.000002
G	0.000017	0.000005	0.000005	0.006718	0.000005	0.568911
H	0.000000	0.000000	0.000000	0.000000	0.000000	0.000000
I	0.000001	0.000001	0.000001	0.000001	0.000001	0.000001
J	0.000002	0.000002	0.000002	0.000002	0.000002	0.000002
K	0.000007	0.000007	0.000007	0.000007	0.000007	0.000007
L	0.000001	0.000001	0.000001	0.000001	0.000001	0.000001
M	0.000007	0.999927	0.999927	0.000004	0.000004	0.000004
N	0.000002	0.000002	0.000002	0.000092	0.000002	0.000032
O	0.000000	0.000000	0.000000	0.000000	0.000000	0.000000
P	0.000002	0.000002	0.000002	0.000002	0.000002	0.000002
Q	0.000003	0.000003	0.000003	0.000003	0.000003	0.000003
R	0.000006	0.000006	0.000006	0.000006	0.000006	0.000006
S	0.000001	0.000001	0.000001	0.000001	0.000001	0.000001
T	0.999797	0.000005	0.000005	0.992999	0.000005	0.000007
U	0.000005	0.000005	0.000005	0.000005	0.999928	0.000005
V	0.000104	0.000001	0.000001	0.000001	0.000001	0.000001
W	0.000002	0.000002	0.000002	0.000002	0.000002	0.000002
X	0.000003	0.000003	0.000003	0.000003	0.000003	0.000003
Y	0.000005	0.000005	0.000005	0.000005	0.000005	0.000005
Z	0.000002	0.000002	0.000002	0.000002	0.000002	0.000002
a	0.000004	0.000004	0.000004	0.000009	0.000004	0.000269
b	0.000016	0.000003	0.000003	0.000101	0.000003	0.430724
