A	0.000001	0.000001	0.000001	0.000047
B	0.000001	0.000001	0.000001	0.000001
C	0.000003	0.000003	0.000003	0.000003
D	0.303729	0.328677	0.000003	0.000003
E	0.000002	0.000002	0.000002	0.000002
F	0.000001	0.000001	0.000001	0.000001
G	0.000004	0.000004	0.000004	0.000004
H	0.000000	0.000006	0.000000	0.000116
I	0.000001	0.000001	0.000001	0.000001
J	0.000002	0.000002	0.000002	0.000002
K	0.000005	0.000044	0.000005	0.365219
L	0.000001	0.000001	0.000001	0.000001
M	0.000003	0.000003	0.000003	0.000003
N	0.000002	0.000002	0.000002	0.000002
O	0.000000	0.000001	0.999939	0.000309
P	0.000002	0.000002	0.000002	0.000002
Q	0.000002	0.000002	0.000002	0.000002
R	0.001754	0.671224	0.000005	0.000006
S	0.000001	0.000001	0.000001	0.000001
T	0.000004	0.000004	0.000004	0.000004
U	0.000004	0.000004	0.000004	0.000004
V	0.000000	0.000000	0.000000	0.000001
W	0.000001	0.000001	0.000001	0.000001
X	0.000002	0.000002	0.000002	0.000002
Y	0.694467	0.000004	0.000004	0.634257
Z	0.000001	0.000001	0.000001	0.000001
a	0.000003	0.000003	0.000003	0.000003
b	0.000003	0.000003	0.000003	0.000003
