A	0.000792	0.000792	0.000792	0.000792
B	0.003794	0.003794	0.003794	0.003794
C	0.913594	0.004503	0.004503	0.004503
D	0.003809	0.003809	0.003809	0.003809
E	0.001726	0.001726	0.001726	0.001726
F	0.001626	0.001626	0.001626	0.001626
G	0.005890	0.005890	0.005890	0.005890
H	0.000334	0.000334	0.000334	0.000334
I	0.002620	0.002620	0.002620	0.002620
J	0.002469	0.002469	0.002469	0.002469
K	0.009109	0.009109	0.009109	0.009109
L	0.000803	0.000803	0.000803	0.000803
M	0.003350	0.003350	0.003350	0.003350
N	0.002758	0.002758	0.002758	0.002758
O	0.000446	0.000446	0.000446	0.000446
P	0.004491	0.004491	0.004491	0.004491
Q	0.004125	0.913216	0.913216	0.004125
R	0.007877	0.007877	0.007877	0.007877
S	0.001183	0.001183	0.001183	0.001183
T	0.005991	0.005991	0.005991	0.915082
U	0.005687	0.005687	0.005687	0.005687
V	0.000435	0.000435	0.000435	0.000435
W	0.002483	0.002483	0.002483	0.002483
X	0.002503	0.002503	0.002503	0.002503
Y	0.005338	0.005338	0.005338	0.005338
Z	0.000861	0.000861	0.000861	0.000861
a	0.003102	0.003102	0.003102	0.003102
b	0.002804	0.002804	0.002804	0.002804
