A	0.005435	0.005435	0.005435	0.005435	0.914526	0.005435
B	0.004503	0.004503	0.004503	0.004503	0.004503	0.004503
C	0.003794	0.003794	0.003794	0.003794	0.003794	0.912885
D	0.008408	0.008408	0.008408	0.008408	0.008408	0.008408
E	0.921555	0.012464	0.012464	0.012464	0.012464	0.012464
F	0.002469	0.002469	0.002469	0.002469	0.002469	0.002469
G	0.002620	0.002620	0.002620	0.002620	0.002620	0.002620
H	0.003896	0.003896	0.003896	0.003896	0.003896	0.003896
I	0.013864	0.922955	0.922955	0.922955	0.013864	0.013864
J	0.004125	0.004125	0.004125	0.004125	0.004125	0.004125
K	0.004491	0.004491	0.004491	0.004491	0.004491	0.004491
L	0.007315	0.007315	0.007315	0.007315	0.007315	0.007315
M	0.008440	0.008440	0.008440	0.008440	0.008440	0.008440
N	0.002503	0.002503	0.002503	0.002503	0.002503	0.002503
O	0.002483	0.002483	0.002483	0.002483	0.002483	0.002483
P	0.004099	0.004099	0.004099	0.004099	0.004099	0.004099
