A	0.000001	0.000001	0.000001	0.000001	0.000001	0.000001
B	0.000004	0.000004	0.000004	0.000004	0.000004	0.000004
C	0.000005	0.036542	0.999898	0.000005	0.000005	0.012304
D	0.000005	0.000005	0.000005	0.000005	0.000005	0.000005
E	0.000002	0.000002	0.000002	0.000002	0.000002	0.000002
F	0.000002	0.000002	0.000002	0.000002	0.000002	0.111642
G	0.000007	0.000007	0.000007	0.000007	0.000007	0.000007
H	0.000000	0.000000	0.000000	0.000000	0.000000	0.000000
I	0.000003	0.000003	0.000003	0.000003	0.000003	0.000003
J	0.313269	0.000003	0.000003	0.011295	0.000003	0.000003
K	0.000011	0.000011	0.000011	0.000011	0.000011	0.000011
L	0.000001	0.000001	0.000001	0.000001	0.000001	0.000001
M	0.000004	0.000004	0.000004	0.000004	0.005381	0.012275
N	0.000003	0.000003	0.000003	0.000003	0.000003	0.000003
O	0.000001	0.000001	0.000001	0.000001	0.000001	0.000001
P	0.000005	0.000005	0.000005	0.000005	0.000005	0.000005
Q	0.015971	0.000005	0.000005	0.988605	0.994520	0.197833
R	0.000009	0.000009	0.000009	0.000009	0.000009	0.000009
S	0.000001	0.000001	0.000001	0.000001	0.000001	0.000001
T	0.000007	0.000007	0.000007	0.000007	0.000007	0.000007
U	0.000007	0.000007	0.000007	0.000007	0.000007	0.000007
V	0.000001	0.000001	0.000001	0.000001	0.000001	0.000001
W	0.000003	0.000003	0.000003	0.000003	0.000003	0.000003
X	0.670664	0.963359	0.000003	0.000003	0.000003	0.209981
Y	0.000006	0.000006	0.000006	0.000006	0.000006	0.000006
Z	0.000001	0.000001	0.000001	0.000001	0.000001	0.000001
a	0.000004	0.000004	0.000004	0.000004	0.000004	0.455880
b	0.000003	0.000003	0.000003	0.000003	0.000003	0.000003
