A	0.002428	0.000342	0.000000	0.000000	0.000000	0.000000
B	0.000033	0.000000	0.000000	0.000000	0.000000	0.000000
C	0.000035	0.005815	0.030696	0.012026	0.097784	0.083930
D	0.080029	0.094268	0.112276	0.008061	0.000114	0.000000
E	0.006301	0.000000	0.000000	0.000000	0.000000	0.000000
F	0.000033	0.000000	0.000000	0.000000	0.000000	0.000054
G	0.004904	0.000753	0.000000	0.000034	0.000000	0.000000
H	0.001292	0.000067	0.000000	0.000033	0.000000	0.000000
I	0.000000	0.000000	0.000000	0.000000	0.000000	0.000000
J	0.000260	0.006029	0.021589	0.625962	0.862691	0.052313
K	0.168708	0.572551	0.502126	0.005822	0.000307	0.000000
L	0.000433	0.000633	0.000000	0.000000	0.000000	0.000000
M	0.000034	0.000000	0.000000	0.000000	0.000000	0.000421
N	0.002045	0.000932	0.000000	0.000000	0.000000	0.000000
O	0.001645	0.000233	0.000000	0.000000	0.000000	0.000000
P	0.000067	0.000000	0.000000	0.000000	0.000000	0.000000
Q	0.000225	0.002499	0.049192	0.005860	0.004382	0.566470
R	0.617662	0.196212	0.066936	0.002543	0.000047	0.000000
S	0.001146	0.000033	0.000000	0.000000	0.000000	0.000000
T	0.000000	0.000000	0.000000	0.000000	0.000000	0.003030
U	0.005901	0.001403	0.000067	0.000002	0.000000	0.000000
V	0.003710	0.000167	0.000000	0.000033	0.000000	0.000000
W	0.000014	0.000000	0.000000	0.000000	0.000000	0.000000
X	0.000128	0.006996	0.136799	0.325577	0.034223	0.293702
Y	0.093746	0.109634	0.080317	0.014044	0.000450	0.000000
Z	0.003730	0.000067	0.000000	0.000000	0.000000	0.000000
a	0.000000	0.000000	0.000000	0.000000	0.000000	0.000078
b	0.005493	0.001364	0.000000	0.000000	0.000000	0.000000
