A	0.000006	0.000006	0.000006	0.000006	0.000006
B	0.000015	0.000015	0.000015	0.000015	0.000015
C	0.000028	0.325634	0.000028	0.999494	0.000028
D	0.268248	0.055425	0.000024	0.000024	0.000024
E	0.000014	0.000014	0.000014	0.000014	0.000014
F	0.000012	0.000012	0.000012	0.000012	0.000012
G	0.000039	0.000039	0.000039	0.000039	0.000039
H	0.000002	0.000002	0.000002	0.000002	0.000002
I	0.000010	0.000010	0.000010	0.000010	0.000010
J	0.000015	0.000015	0.999481	0.000015	0.000015
K	0.563933	0.089390	0.000048	0.000048	0.000048
L	0.000007	0.000007	0.000007	0.000007	0.000007
M	0.000024	0.000024	0.000024	0.000024	0.000024
N	0.000019	0.000019	0.000019	0.000019	0.000019
O	0.000003	0.000003	0.000003	0.000003	0.000003
P	0.000014	0.000014	0.000014	0.000014	0.000014
Q	0.000019	0.000019	0.000019	0.000019	0.999485
R	0.167401	0.000045	0.000045	0.000045	0.000045
S	0.000007	0.000007	0.000007	0.000007	0.000007
T	0.000033	0.000033	0.000033	0.000033	0.000033
U	0.000028	0.000028	0.000028	0.000028	0.000028
V	0.000003	0.000003	0.000003	0.000003	0.000003
W	0.000011	0.000011	0.000011	0.000011	0.000011
X	0.000019	0.170539	0.000019	0.000019	0.000019
Y	0.000035	0.358631	0.000035	0.000035	0.000035
Z	0.000008	0.000008	0.000008	0.000008	0.000008
a	0.000027	0.000027	0.000027	0.000027	0.000027
b	0.000022	0.000022	0.000022	0.000022	0.000022
