A	0.000000	0.000000	0.000000	0.000000	0.000000	0.000000
B	0.000000	0.000000	0.000000	0.000000	0.000000	0.000000
C	0.065785	0.093888	0.000000	0.000000	0.999995	0.000000
D	0.000008	0.000000	0.000000	0.000000	0.000000	0.000000
E	0.000000	0.000000	0.000000	0.000000	0.000000	0.000000
F	0.000000	0.000000	0.000000	0.000000	0.000000	0.000000
G	0.000000	0.000000	0.000000	0.000000	0.000000	0.000000
H	0.000000	0.000000	0.000000	0.000000	0.000000	0.000000
I	0.000000	0.000000	0.000000	0.000000	0.000000	0.000000
J	0.000000	0.009985	0.000000	0.999995	0.000000	0.000547
K	0.000000	0.000000	0.000000	0.000000	0.000000	0.000000
L	0.000000	0.000000	0.000000	0.000000	0.000000	0.000000
M	0.000000	0.000000	0.000000	0.000000	0.000000	0.000000
N	0.000000	0.000000	0.000000	0.000000	0.000000	0.000000
O	0.000000	0.000000	0.000000	0.000000	0.000000	0.000000
P	0.000000	0.000000	0.000000	0.000000	0.000000	0.000000
Q	0.020573	0.000074	0.999995	0.000000	0.000000	0.000000
R	0.054632	0.000000	0.000000	0.000000	0.000000	0.000000
S	0.000000	0.000000	0.000000	0.000000	0.000000	0.000000
T	0.000000	0.000000	0.000000	0.000000	0.000000	0.000000
U	0.000000	0.000000	0.000000	0.000000	0.000000	0.000000
V	0.000000	0.000000	0.000000	0.000000	0.000000	0.000000
W	0.000000	0.000000	0.000000	0.000000	0.000000	0.000000
X	0.804330	0.896049	0.000000	0.000000	0.000000	0.998147
Y	0.054668	0.000000	0.000000	0.000000	0.000000	0.000000
Z	0.000000	0.000000	0.000000	0.000000	0.000000	0.000000
a	0.000000	0.000000	0.000000	0.000000	0.000000	0.001302
b	0.000000	0.000000	0.000000	0.000000	0.000000	0.000000
