A	0.000000	0.000000	0.000000	0.000000	0.049454	0.114201
B	0.001718	0.118585	0.040392	0.067703	0.016390	0.000000
C	0.000000	0.000000	0.000000	0.000000	0.000000	0.000000
D	0.000001	0.000001	0.000001	0.000001	0.000001	0.000037
E	0.000001	0.000001	0.000001	0.000001	0.046372	0.243704
F	0.626854	0.870523	0.033564	0.159672	0.022944	0.000098
G	0.000000	0.000000	0.000000	0.000000	0.000000	0.000000
H	0.000000	0.000000	0.000000	0.000000	0.000000	0.001129
I	0.000001	0.000001	0.000001	0.000054	0.571916	0.496264
J	0.003030	0.009036	0.599341	0.000200	0.046069	0.002404
K	0.000000	0.000000	0.000000	0.000000	0.000000	0.000000
L	0.000000	0.000000	0.000000	0.000000	0.000000	0.000000
M	0.001135	0.000001	0.000001	0.000149	0.109715	0.137274
N	0.367259	0.001850	0.326699	0.772218	0.137138	0.003931
O	0.000000	0.000000	0.000000	0.000000	0.000000	0.000000
P	0.000000	0.000000	0.000000	0.000000	0.000000	0.000957
