A	0.146759	0.084976	0.000005	0.000005	0.000005	0.000005
B	0.000004	0.007624	0.000004	0.132588	0.228480	0.290945
C	0.000002	0.000002	0.000002	0.000002	0.000002	0.000002
D	0.000008	0.000008	0.000008	0.000008	0.000008	0.000008
E	0.280410	0.500833	0.000009	0.000009	0.000009	0.000009
F	0.000002	0.095312	0.751796	0.867348	0.000002	0.048945
G	0.000001	0.000001	0.000001	0.000001	0.000001	0.000001
H	0.000004	0.000004	0.000004	0.000004	0.000004	0.000004
I	0.570824	0.110453	0.000010	0.000010	0.000010	0.037294
J	0.000003	0.062789	0.000003	0.000003	0.434987	0.204062
K	0.000002	0.000002	0.000002	0.000002	0.000002	0.000002
L	0.000005	0.000005	0.000005	0.000005	0.000005	0.000005
M	0.001968	0.039695	0.000008	0.000008	0.000008	0.000008
N	0.000002	0.098291	0.248138	0.000002	0.336472	0.418705
O	0.000001	0.000001	0.000001	0.000001	0.000001	0.000001
P	0.000004	0.000004	0.000004	0.000004	0.000004	0.000004
