A	0.017274	0.000434	0.000001	0.000001	0.008516
B	0.000011	0.000002	0.000002	0.000002	0.000002
C	0.000003	0.000003	0.000003	0.000003	0.000003
D	0.000436	0.989939	0.000003	0.000003	0.148638
E	0.015669	0.000002	0.000002	0.000002	0.000002
F	0.000042	0.000001	0.000001	0.000001	0.000001
G	0.000240	0.000005	0.000005	0.000005	0.000005
H	0.030293	0.000000	0.000000	0.001275	0.009588
I	0.001047	0.000001	0.000001	0.000001	0.000001
J	0.000002	0.000002	0.000002	0.000002	0.000002
K	0.321469	0.002969	0.966693	0.000006	0.355030
L	0.060496	0.000001	0.000001	0.000001	0.000001
M	0.000100	0.000003	0.000003	0.000003	0.000003
N	0.000615	0.000002	0.000002	0.000002	0.000002
O	0.010453	0.006565	0.000000	0.002365	0.002584
P	0.000265	0.000002	0.000002	0.000002	0.000002
Q	0.000002	0.000002	0.000002	0.000002	0.000002
R	0.326110	0.000046	0.000005	0.996098	0.192982
S	0.081182	0.000001	0.000001	0.000001	0.002153
T	0.000238	0.000004	0.000004	0.000004	0.000004
U	0.002803	0.000003	0.000003	0.000003	0.033676
V	0.023423	0.000000	0.000000	0.000206	0.091819
W	0.002461	0.000001	0.000001	0.000001	0.000001
X	0.000002	0.000002	0.000002	0.000002	0.000002
Y	0.055912	0.000004	0.033254	0.000004	0.094147
Z	0.044164	0.000001	0.000001	0.000001	0.000001
a	0.000003	0.000003	0.000003	0.000003	0.000003
b	0.005283	0.000003	0.000003	0.000003	0.060832
