A	0.000003	0.000003	0.000003	0.000003	0.000003
B	0.000008	0.000008	0.000008	0.000008	0.000008
C	0.000015	0.033924	0.000015	0.000015	0.108734
D	0.048369	0.116310	0.000013	0.000013	0.000013
E	0.000008	0.000008	0.000008	0.000008	0.000008
F	0.000006	0.000006	0.000006	0.000006	0.000006
G	0.000021	0.000021	0.000021	0.000021	0.000021
H	0.000001	0.000001	0.000001	0.000001	0.000001
I	0.000005	0.000005	0.000005	0.000005	0.000005
J	0.000008	0.053350	0.999719	0.999719	0.000008
K	0.593513	0.509150	0.000026	0.000026	0.000026
L	0.000004	0.000004	0.000004	0.000004	0.000004
M	0.000013	0.000013	0.000013	0.000013	0.000013
N	0.000010	0.000010	0.000010	0.000010	0.000010
O	0.000001	0.000001	0.000001	0.000001	0.000001
P	0.000007	0.000007	0.000007	0.000007	0.000007
Q	0.000011	0.000011	0.000011	0.000011	0.432597
R	0.321877	0.193374	0.000024	0.000024	0.000024
S	0.000004	0.000004	0.000004	0.000004	0.000004
T	0.000018	0.000018	0.000018	0.000018	0.000018
U	0.000015	0.000015	0.000015	0.000015	0.000015
V	0.000002	0.000002	0.000002	0.000002	0.000002
W	0.000006	0.000006	0.000006	0.000006	0.000006
X	0.000010	0.010867	0.000010	0.000010	0.458416
Y	0.036034	0.082852	0.000019	0.000019	0.000019
Z	0.000004	0.000004	0.000004	0.000004	0.000004
a	0.000014	0.000014	0.000014	0.000014	0.000014
b	0.000012	0.000012	0.000012	0.000012	0.000012
