A	0.000001	0.000001	0.000001	0.000001	0.000001
B	0.000002	0.000002	0.000002	0.000002	0.000002
C	0.000004	0.238229	0.189758	0.034299	0.016758
D	0.123502	0.000004	0.000004	0.000004	0.000004
E	0.000002	0.000002	0.000002	0.000002	0.000002
F	0.000002	0.000002	0.000002	0.000002	0.000002
G	0.000006	0.000006	0.000006	0.000006	0.000006
H	0.000000	0.000000	0.000000	0.000000	0.000000
I	0.000001	0.000001	0.000001	0.000001	0.000001
J	0.023738	0.755792	0.028510	0.523220	0.980605
K	0.807354	0.000007	0.000007	0.000007	0.000007
L	0.000001	0.000001	0.000001	0.000001	0.000001
M	0.000004	0.000004	0.000004	0.000004	0.000004
N	0.000003	0.000003	0.000003	0.000003	0.000003
O	0.000000	0.000000	0.000000	0.000000	0.000000
P	0.000002	0.000002	0.000002	0.000002	0.000002
Q	0.001247	0.000003	0.002935	0.004335	0.002568
R	0.000007	0.000007	0.000007	0.000007	0.000007
S	0.000001	0.000001	0.000001	0.000001	0.000001
T	0.000005	0.000005	0.000005	0.000005	0.000005
U	0.000004	0.000004	0.000004	0.000004	0.000004
V	0.000000	0.000000	0.000000	0.000000	0.000000
W	0.000002	0.000002	0.000002	0.000002	0.000002
X	0.000003	0.002637	0.778730	0.438080	0.000003
Y	0.044102	0.003277	0.000005	0.000005	0.000005
Z	0.000001	0.000001	0.000001	0.000001	0.000001
a	0.000004	0.000004	0.000004	0.000004	0.000004
b	0.000003	0.000003	0.000003	0.000003	0.000003
