A	0.079477	0.016040	0.007571	0.072375	0.003796
B	0.000289	0.000089	0.000000	0.000144	0.000373
C	0.003001	0.000196	0.000039	0.000197	0.000134
D	0.104307	0.028533	0.008709	0.002696	0.001477
E	0.305418	0.859478	0.049628	0.117049	0.013337
F	0.001297	0.000023	0.000000	0.000594	0.001382
G	0.008572	0.007425	0.000027	0.000000	0.000212
H	0.014840	0.008465	0.003347	0.001164	0.001443
I	0.071942	0.004780	0.914162	0.708052	0.011876
J	0.001117	0.000018	0.000000	0.000136	0.007578
K	0.000786	0.005099	0.000146	0.000006	0.000089
L	0.067020	0.007543	0.002061	0.045181	0.003338
M	0.132556	0.047831	0.005905	0.048494	0.946941
N	0.002176	0.000844	0.000000	0.000362	0.006153
O	0.001459	0.000207	0.000124	0.000211	0.000211
P	0.205742	0.013426	0.008279	0.003339	0.001659
