A	0.000000	0.000000	0.000000	0.000000	0.000000
B	0.000000	0.000000	0.000000	0.000000	0.469732
C	0.000000	0.000000	0.000000	0.000000	0.000000
D	0.000000	0.000000	0.000000	0.000000	0.000000
E	0.000001	0.000001	0.000001	0.000001	0.000001
F	0.999996	0.000000	0.140334	0.000000	0.000000
G	0.000000	0.000000	0.000000	0.000000	0.000000
H	0.000000	0.000000	0.000000	0.000000	0.000000
I	0.000000	0.000000	0.000000	0.203755	0.427158
J	0.000000	0.999996	0.859662	0.390002	0.100535
K	0.000000	0.000000	0.000000	0.000000	0.000000
L	0.000000	0.000000	0.000000	0.000000	0.000000
M	0.000000	0.000000	0.000000	0.000000	0.000000
N	0.000000	0.000000	0.000000	0.406240	0.002573
O	0.000000	0.000000	0.000000	0.000000	0.000000
P	0.000000	0.000000	0.000000	0.000000	0.000000
