A	0.000000	0.000000	0.000000	0.000000	0.000000
B	0.000001	0.000001	0.000001	0.000001	0.000001
C	0.999947	0.000003	0.000003	0.000003	0.000003
D	0.000002	0.000002	0.000002	0.000002	0.000002
E	0.000001	0.000001	0.000001	0.000001	0.000001
F	0.000001	0.000001	0.000001	0.139347	0.000001
G	0.000003	0.000003	0.000003	0.000003	0.000003
H	0.000000	0.000000	0.000000	0.000000	0.000000
I	0.000001	0.000001	0.000001	0.000001	0.000001
J	0.000001	0.000001	0.000001	0.000001	0.000001
K	0.000005	0.000005	0.000005	0.000005	0.000005
L	0.000001	0.000001	0.000001	0.000001	0.000001
M	0.000003	0.000003	0.000003	0.000003	0.999947
N	0.000002	0.000002	0.000002	0.000002	0.000002
O	0.000000	0.000000	0.000000	0.000000	0.000000
P	0.000002	0.000002	0.000002	0.000002	0.000002
Q	0.000002	0.000002	0.000002	0.000002	0.000002
R	0.000004	0.000004	0.000004	0.000004	0.000004
S	0.000001	0.000001	0.000001	0.000001	0.000001
T	0.000003	0.000003	0.000003	0.860566	0.000003
U	0.000003	0.000003	0.000003	0.000039	0.000003
V	0.000000	0.000000	0.000000	0.000000	0.000000
W	0.000001	0.000001	0.000001	0.000001	0.000001
X	0.000002	0.000002	0.000002	0.000002	0.000002
Y	0.000004	0.000004	0.000004	0.000004	0.000004
Z	0.000001	0.000001	0.000001	0.000001	0.000001
a	0.000003	0.999948	0.999948	0.000004	0.000003
b	0.000002	0.000002	0.000002	0.000002	0.000002
