A	0.000006	0.000006	0.000006	0.000707	0.000006
B	0.000005	0.000005	0.000005	0.000005	0.000005
C	0.000002	0.000002	0.000002	0.000002	0.000002
D	0.000009	0.000009	0.000009	0.028640	0.000009
E	0.000014	0.000014	0.000014	0.506516	0.000014
F	0.000003	0.000003	0.000003	0.000003	0.000003
G	0.000002	0.000002	0.000002	0.000002	0.000002
H	0.000005	0.000005	0.000005	0.150062	0.000005
I	0.000013	0.000013	0.000013	0.007705	0.000013
J	0.000004	0.000004	0.000004	0.000004	0.000004
K	0.000003	0.000003	0.000003	0.000003	0.000003
L	0.999907	0.000008	0.999907	0.237645	0.999907
M	0.000014	0.000014	0.000014	0.000014	0.000014
N	0.000004	0.000004	0.000004	0.000004	0.000004
O	0.000003	0.000003	0.000003	0.000003	0.000003
P	0.000007	0.999906	0.000007	0.068686	0.000007
