A	0.000002	0.000002	0.000002	0.000002	0.000002
B	0.000001	0.000001	0.000001	0.000001	0.000001
C	0.000001	0.029668	0.000001	0.000001	0.000001
D	0.000003	0.000003	0.000003	0.000003	0.000003
E	0.000004	0.000004	0.000004	0.000004	0.000004
F	0.000001	0.000001	0.000001	0.000001	0.000001
G	0.000001	0.000001	0.000001	0.000001	0.000001
H	0.000001	0.000001	0.000001	0.000001	0.000001
I	0.000004	0.000004	0.000004	0.000004	0.000004
J	0.000001	0.000001	0.000001	0.000001	0.000001
K	0.999971	0.277518	0.042398	0.999971	0.578322
L	0.000002	0.000002	0.000002	0.000002	0.000002
M	0.000004	0.000004	0.000004	0.000004	0.000004
N	0.000001	0.000001	0.000001	0.000001	0.000001
O	0.000001	0.692786	0.957574	0.000001	0.421650
P	0.000002	0.000002	0.000002	0.000002	0.000002
