A	0.000000	0.000000	0.000000	0.000000	0.002438
B	0.000000	0.000000	0.000000	0.000000	0.000000
C	0.184774	0.000000	0.000000	0.000000	0.000000
D	0.000000	0.000000	0.000000	0.000000	0.000000
E	0.000000	0.000000	0.000000	0.000000	0.000000
F	0.000000	0.000000	0.205085	0.000000	0.000000
G	0.000001	0.000001	0.000001	0.000001	0.000001
H	0.013305	0.000000	0.000000	0.000000	0.000958
I	0.000000	0.000000	0.000000	0.000000	0.000000
J	0.000000	0.184563	0.000000	0.000000	0.000000
K	0.000001	0.000001	0.000001	0.000001	0.000001
L	0.000000	0.000000	0.000000	0.000000	0.012699
M	0.072791	0.000001	0.000001	0.021394	0.000001
N	0.000000	0.000000	0.038356	0.000000	0.000000
O	0.000000	0.000000	0.000000	0.000000	0.001855
P	0.000000	0.000000	0.000000	0.000000	0.000000
Q	0.000000	0.000000	0.000000	0.000000	0.000000
R	0.000001	0.000001	0.000001	0.000001	0.000001
S	0.000000	0.000000	0.000000	0.000000	0.000000
T	0.190012	0.815427	0.000001	0.901444	0.978261
U	0.496884	0.000001	0.000001	0.061688	0.000001
V	0.000000	0.000000	0.000000	0.000000	0.003779
W	0.000000	0.000000	0.000000	0.000000	0.000000
X	0.000000	0.000000	0.000000	0.000000	0.000000
Y	0.000001	0.000001	0.000001	0.000001	0.000001
Z	0.000000	0.000000	0.000000	0.000000	0.000000
a	0.000001	0.000001	0.756549	0.015466	0.000001
b	0.042226	0.000000	0.000000	0.000000	0.000000
