A	0.000000	0.000000	0.000000	0.000000	0.000000
B	0.000001	0.083218	0.000001	0.000001	0.000001
C	0.000001	0.000001	0.000001	0.000001	0.000001
D	0.000001	0.000001	0.000001	0.000001	0.000001
E	0.000001	0.000001	0.000001	0.000001	0.000001
F	0.000000	0.000000	0.000000	0.000000	0.000000
G	0.000001	0.000001	0.000001	0.000001	0.000001
H	0.000000	0.000000	0.000000	0.000000	0.000000
I	0.000000	0.000000	0.000000	0.000000	0.000000
J	0.000001	0.000001	0.000001	0.000001	0.000001
K	0.000002	0.000002	0.000002	0.000002	0.000002
L	0.000000	0.000000	0.000000	0.000000	0.000000
M	0.000001	0.000001	0.000001	0.000001	0.000001
N	0.000001	0.000001	0.000001	0.000001	0.000001
O	0.000000	0.000000	0.000000	0.000000	0.000000
P	0.938429	0.300292	0.169010	0.999977	0.629928
Q	0.000001	0.000001	0.000001	0.000001	0.000001
R	0.000002	0.000002	0.000002	0.000002	0.000002
S	0.000000	0.000000	0.000000	0.000000	0.000000
T	0.061549	0.000001	0.000001	0.000001	0.000001
U	0.000001	0.000001	0.000001	0.000001	0.000001
V	0.000000	0.000000	0.000000	0.000000	0.000000
W	0.000001	0.616468	0.830967	0.000001	0.370049
X	0.000001	0.000001	0.000001	0.000001	0.000001
Y	0.000002	0.000002	0.000002	0.000002	0.000002
Z	0.000000	0.000000	0.000000	0.000000	0.000000
a	0.000001	0.000001	0.000001	0.000001	0.000001
b	0.000001	0.000001	0.000001	0.000001	0.000001
