A	0.000000	0.000000	0.000000	0.000000	0.524666
B	0.000001	0.000001	0.000001	0.000001	0.000001
C	0.000002	0.000002	0.000002	0.000002	0.000002
D	0.000002	0.000002	0.092572	0.000002	0.000002
E	0.000001	0.000001	0.000001	0.000001	0.000001
F	0.000001	0.000001	0.000001	0.000001	0.000001
G	0.616702	0.000002	0.000002	0.000002	0.000002
H	0.000000	0.000000	0.000000	0.000000	0.000000
I	0.000001	0.000001	0.000001	0.000001	0.000001
J	0.000001	0.000001	0.000001	0.000001	0.000001
K	0.000003	0.000003	0.000003	0.000902	0.000003
L	0.000000	0.000000	0.000000	0.000000	0.000000
M	0.000002	0.000002	0.000002	0.000002	0.000002
N	0.000001	0.000001	0.000001	0.000001	0.000001
O	0.000000	0.000000	0.000000	0.000000	0.000000
P	0.000001	0.000001	0.000001	0.000001	0.000001
Q	0.000001	0.000001	0.000001	0.000001	0.000001
R	0.027850	0.720165	0.907395	0.000002	0.000002
S	0.000001	0.000001	0.000001	0.000001	0.000001
T	0.000002	0.000002	0.000002	0.000002	0.000002
U	0.211507	0.166781	0.000002	0.000002	0.000002
V	0.071853	0.000000	0.000000	0.000000	0.000000
W	0.000001	0.000001	0.000001	0.000001	0.000001
X	0.000002	0.000002	0.000002	0.000002	0.000002
Y	0.000003	0.113025	0.000003	0.999068	0.475301
Z	0.000001	0.000001	0.000001	0.000001	0.000001
a	0.000002	0.000002	0.000002	0.000002	0.000002
b	0.072061	0.000002	0.000002	0.000002	0.000002
