A	0.009073	0.000121	0.000026	0.000001	0.000001	0.000001
B	0.533176	0.008305	0.999928	0.999903	0.000371	0.999960
C	0.000000	0.000000	0.000000	0.000000	0.000000	0.000000
D	0.001222	0.000002	0.000002	0.000002	0.000002	0.000002
E	0.001613	0.379519	0.000009	0.000002	0.000002	0.000002
F	0.000113	0.062534	0.000001	0.000061	0.000001	0.000001
G	0.000000	0.000000	0.000000	0.000000	0.000000	0.000000
H	0.000147	0.000001	0.000001	0.000001	0.000001	0.000001
I	0.000465	0.000811	0.000016	0.000003	0.000003	0.000003
J	0.076988	0.119699	0.000009	0.000014	0.000008	0.000001
K	0.000001	0.000001	0.000001	0.000001	0.000001	0.000001
L	0.376382	0.000002	0.000002	0.000002	0.000002	0.000002
M	0.000697	0.005438	0.000003	0.000003	0.000003	0.000003
N	0.000001	0.423566	0.000001	0.000004	0.999603	0.000021
O	0.000000	0.000000	0.000000	0.000000	0.000000	0.000000
P	0.000123	0.000002	0.000002	0.000002	0.000002	0.000002
