A	0.000000	0.000000	0.000000	0.000000	0.000000	0.000000
B	0.000030	0.000229	0.000019	0.000221	0.000229	0.000010
C	0.000000	0.000000	0.000000	0.000000	0.000000	0.000000
D	0.000000	0.000000	0.000000	0.000000	0.000000	0.000000
E	0.000000	0.000000	0.000000	0.000000	0.000000	0.000000
F	0.000111	0.000138	0.000986	0.000000	0.000000	0.000000
G	0.000000	0.000000	0.000000	0.000000	0.000000	0.000000
H	0.000000	0.000000	0.000000	0.000000	0.000000	0.000000
I	0.000000	0.000038	0.001436	0.999730	0.000001	0.000041
J	0.000000	0.000000	0.000000	0.000000	0.000000	0.000000
K	0.000000	0.000000	0.000000	0.000000	0.000000	0.000000
L	0.000000	0.000000	0.000000	0.000000	0.000000	0.000000
M	0.000218	0.000052	0.000000	0.000000	0.000000	0.000000
N	0.000000	0.000000	0.000000	0.000000	0.000000	0.000000
O	0.000000	0.000000	0.000000	0.000000	0.000000	0.000000
P	0.005045	0.390362	0.996612	0.000010	0.999120	0.000066
Q	0.000000	0.000000	0.000000	0.000000	0.000000	0.000000
R	0.000000	0.000000	0.000000	0.000000	0.000000	0.000018
S	0.000000	0.000000	0.000000	0.000000	0.000000	0.000000
T	0.609440	0.608758	0.000894	0.000000	0.000000	0.000000
U	0.000018	0.000000	0.000000	0.000000	0.000000	0.000000
V	0.000041	0.000000	0.000000	0.000000	0.000000	0.000000
W	0.384842	0.000172	0.000031	0.000033	0.000645	0.999860
X	0.000000	0.000000	0.000000	0.000000	0.000000	0.000000
Y	0.000000	0.000000	0.000000	0.000000	0.000000	0.000000
Z	0.000000	0.000000	0.000000	0.000000	0.000000	0.000000
a	0.000250	0.000247	0.000018	0.000000	0.000000	0.000000
b	0.000000	0.000000	0.000000	0.000000	0.000000	0.000000
