A	0.000777	0.000777	0.000777	0.909868	0.000777
B	0.001638	0.001638	0.001638	0.001638	0.001638
C	0.004793	0.004793	0.004793	0.004793	0.004793
D	0.003345	0.003345	0.003345	0.003345	0.003345
E	0.002013	0.002013	0.002013	0.002013	0.002013
F	0.001937	0.001937	0.001937	0.001937	0.001937
G	0.005465	0.005465	0.005465	0.005465	0.005465
H	0.000330	0.000330	0.000330	0.000330	0.000330
I	0.001046	0.001046	0.001046	0.001046	0.001046
J	0.002385	0.002385	0.002385	0.002385	0.002385
K	0.006340	0.006340	0.915431	0.006340	0.915431
L	0.000922	0.000922	0.000922	0.000922	0.000922
M	0.004293	0.004293	0.004293	0.004293	0.004293
N	0.002277	0.002277	0.002277	0.002277	0.002277
O	0.000587	0.000587	0.000587	0.000587	0.000587
P	0.002229	0.002229	0.002229	0.002229	0.002229
Q	0.004834	0.004834	0.004834	0.004834	0.004834
R	0.914992	0.914992	0.005901	0.005901	0.005901
S	0.001745	0.001745	0.001745	0.001745	0.001745
T	0.006058	0.006058	0.006058	0.006058	0.006058
U	0.006108	0.006108	0.006108	0.006108	0.006108
V	0.000679	0.000679	0.000679	0.000679	0.000679
W	0.001835	0.001835	0.001835	0.001835	0.001835
X	0.004643	0.004643	0.004643	0.004643	0.004643
Y	0.006783	0.006783	0.006783	0.006783	0.006783
Z	0.001765	0.001765	0.001765	0.001765	0.001765
a	0.006035	0.006035	0.006035	0.006035	0.006035
b	0.004148	0.004148	0.004148	0.004148	0.004148
