A	0.914373	0.005282	0.914373	0.914373	0.914373	0.005282
B	0.004792	0.004792	0.004792	0.004792	0.004792	0.004792
C	0.001638	0.001638	0.001638	0.001638	0.001638	0.001638
D	0.008255	0.008255	0.008255	0.008255	0.008255	0.008255
E	0.010635	0.010635	0.010635	0.010635	0.010635	0.010635
F	0.002384	0.002384	0.002384	0.002384	0.002384	0.002384
G	0.001046	0.001046	0.001046	0.001046	0.001046	0.001046
H	0.003528	0.003528	0.003528	0.003528	0.003528	0.003528
I	0.011962	0.921053	0.011962	0.011962	0.011962	0.011962
J	0.004833	0.004833	0.004833	0.004833	0.004833	0.004833
K	0.002229	0.002229	0.002229	0.002229	0.002229	0.002229
L	0.008439	0.008439	0.008439	0.008439	0.008439	0.008439
M	0.012817	0.012817	0.012817	0.012817	0.012817	0.921908
N	0.004642	0.004642	0.004642	0.004642	0.004642	0.004642
O	0.001834	0.001834	0.001834	0.001834	0.001834	0.001834
P	0.006591	0.006591	0.006591	0.006591	0.006591	0.006591
