A	0.000001	0.000246	0.541229	0.000185	0.000041	0.000250
B	0.000561	0.465133	0.001292	0.000013	0.000001	0.000001
C	0.000000	0.000000	0.000000	0.000000	0.000000	0.000086
D	0.000001	0.000001	0.000001	0.000001	0.000087	0.530061
E	0.000001	0.000313	0.000074	0.000284	0.998671	0.009453
F	0.998989	0.533273	0.000249	0.000086	0.000000	0.000000
G	0.000000	0.000000	0.000000	0.000000	0.000000	0.000000
H	0.000000	0.000000	0.000000	0.000000	0.000087	0.000122
I	0.000002	0.000267	0.000261	0.998545	0.000328	0.459124
J	0.000207	0.000380	0.456647	0.000359	0.000001	0.000001
K	0.000000	0.000000	0.000000	0.000000	0.000000	0.000000
L	0.000001	0.000001	0.000087	0.000073	0.000331	0.000456
M	0.000002	0.000340	0.000124	0.000268	0.000349	0.000177
N	0.000233	0.000044	0.000033	0.000097	0.000001	0.000001
O	0.000000	0.000000	0.000000	0.000000	0.000000	0.000000
P	0.000001	0.000001	0.000001	0.000087	0.000104	0.000267
