A	0.000001	0.000002	0.000001	0.000057	0.000002
B	0.000001	0.000001	0.000001	0.000001	0.000001
C	0.000000	0.000000	0.000000	0.000000	0.000000
D	0.000091	0.000003	0.000001	0.000004	0.000001
E	0.000006	0.000002	0.000002	0.000002	0.000002
F	0.000000	0.000000	0.000000	0.000000	0.000000
G	0.000000	0.000000	0.000000	0.000000	0.000000
H	0.000001	0.000288	0.999987	0.000001	0.000001
I	0.999894	0.000003	0.000002	0.530844	0.000002
J	0.000001	0.000001	0.000001	0.000001	0.000001
K	0.000000	0.000000	0.000000	0.000000	0.000000
L	0.000001	0.000001	0.000001	0.000003	0.468675
M	0.000002	0.999675	0.000002	0.000002	0.531314
N	0.000001	0.000001	0.000001	0.000001	0.000001
O	0.000000	0.000000	0.000000	0.000000	0.000000
P	0.000001	0.000021	0.000001	0.469085	0.000001
