A	0.000086	0.000000	0.000000	0.000000	0.000086	0.000218
B	0.000000	0.000000	0.000000	0.000000	0.000000	0.000086
C	0.000675	0.466876	0.001298	0.000006	0.000001	0.000001
D	0.000000	0.000000	0.000000	0.000000	0.000000	0.000000
E	0.000000	0.000000	0.000000	0.000000	0.000000	0.000086
F	0.000026	0.000486	0.539028	0.000151	0.000050	0.000189
G	0.000001	0.000036	0.000001	0.000001	0.000087	0.526976
H	0.000000	0.000000	0.000000	0.000000	0.000000	0.000000
I	0.000000	0.000000	0.000000	0.000000	0.000000	0.000000
J	0.997697	0.530296	0.000291	0.000086	0.000000	0.000000
K	0.000001	0.000001	0.000001	0.000001	0.000001	0.000001
L	0.000000	0.000000	0.000000	0.000000	0.000000	0.000000
M	0.000148	0.000312	0.000066	0.000268	0.998553	0.008977
N	0.000000	0.000000	0.000000	0.000000	0.000000	0.000072
O	0.000008	0.000086	0.000000	0.000000	0.000000	0.000000
P	0.000000	0.000000	0.000000	0.000000	0.000000	0.000000
Q	0.000372	0.000371	0.458661	0.000090	0.000001	0.000001
R	0.000001	0.000001	0.000001	0.000001	0.000001	0.000001
S	0.000000	0.000000	0.000000	0.000000	0.000000	0.000000
T	0.000337	0.000529	0.000336	0.998867	0.000336	0.462420
U	0.000217	0.000001	0.000087	0.000122	0.000294	0.000558
V	0.000036	0.000000	0.000000	0.000000	0.000258	0.000086
W	0.000000	0.000000	0.000000	0.000000	0.000000	0.000000
X	0.000359	0.000084	0.000029	0.000089	0.000001	0.000001
Y	0.000001	0.000001	0.000001	0.000001	0.000001	0.000001
Z	0.000000	0.000000	0.000000	0.000000	0.000000	0.000122
a	0.000033	0.000796	0.000198	0.000314	0.000329	0.000133
b	0.000001	0.000122	0.000001	0.000001	0.000001	0.000072
