A	0.000188	0.000166	0.000958	0.000000	0.000000	0.000000
B	0.000000	0.000000	0.000000	0.000000	0.000000	0.000000
C	0.000022	0.000255	0.000011	0.000302	0.000205	0.000031
D	0.000001	0.000001	0.000001	0.000001	0.000001	0.000001
E	0.000258	0.000066	0.000001	0.000001	0.000001	0.000001
F	0.000000	0.000000	0.000000	0.000000	0.000000	0.000000
G	0.000000	0.000055	0.001368	0.999665	0.000001	0.000055
H	0.000000	0.000000	0.000000	0.000000	0.000000	0.000000
I	0.610596	0.609859	0.001057	0.000001	0.000001	0.000018
J	0.000000	0.000000	0.000000	0.000000	0.000000	0.000000
K	0.004775	0.389065	0.996554	0.000008	0.999280	0.000099
L	0.000018	0.000001	0.000001	0.000001	0.000001	0.000001
M	0.000374	0.000334	0.000018	0.000001	0.000001	0.000001
N	0.000000	0.000000	0.000000	0.000000	0.000000	0.000000
O	0.383725	0.000198	0.000031	0.000020	0.000509	0.999793
P	0.000042	0.000000	0.000000	0.000000	0.000000	0.000000
