A	0.000000	0.000000	0.000000	0.000000	0.000000	0.000000
B	0.000000	0.000000	0.000000	0.000000	0.000000	0.000000
C	0.534489	0.008456	0.999877	0.999897	0.000455	0.999961
D	0.009172	0.000083	0.000044	0.000001	0.000001	0.000001
E	0.001156	0.000000	0.000000	0.000000	0.000000	0.000000
F	0.000000	0.000000	0.000000	0.000000	0.000000	0.000000
G	0.000501	0.000001	0.000001	0.000001	0.000001	0.000001
H	0.000000	0.000000	0.000000	0.000000	0.000000	0.000000
I	0.000000	0.000000	0.000000	0.000000	0.000000	0.000000
J	0.000164	0.062430	0.000001	0.000060	0.000001	0.000001
K	0.001247	0.378057	0.000029	0.000001	0.000001	0.000001
L	0.000000	0.000000	0.000000	0.000000	0.000000	0.000000
M	0.000001	0.000001	0.000001	0.000001	0.000001	0.000001
N	0.000145	0.000001	0.000001	0.000001	0.000001	0.000001
O	0.000000	0.000000	0.000000	0.000000	0.000000	0.000000
P	0.000001	0.000001	0.000001	0.000001	0.000001	0.000001
Q	0.077424	0.119685	0.000005	0.000021	0.000004	0.000001
R	0.000505	0.000700	0.000029	0.000001	0.000001	0.000001
S	0.000000	0.000000	0.000000	0.000000	0.000000	0.000000
T	0.000001	0.000001	0.000001	0.000001	0.000001	0.000001
U	0.374233	0.000001	0.000001	0.000001	0.000001	0.000001
V	0.000000	0.000000	0.000000	0.000000	0.000000	0.000000
W	0.000000	0.000000	0.000000	0.000000	0.000000	0.000000
X	0.000001	0.425686	0.000001	0.000004	0.999523	0.000021
Y	0.000749	0.004891	0.000002	0.000002	0.000002	0.000002
Z	0.000145	0.000000	0.000000	0.000000	0.000000	0.000000
a	0.000001	0.000001	0.000001	0.000001	0.000001	0.000001
b	0.000061	0.000001	0.000001	0.000001	0.000001	0.000001
