A	0.001171	0.248696	0.001394	0.041317	0.000002
B	0.000373	0.000002	0.000002	0.000002	0.000013
C	0.000000	0.000000	0.000042	0.000000	0.000000
D	0.001842	0.007904	0.000710	0.002567	0.000538
E	0.000653	0.000294	0.000171	0.070222	0.990328
F	0.000250	0.000001	0.000001	0.000001	0.000001
G	0.000000	0.000000	0.000249	0.000000	0.000021
H	0.000146	0.000856	0.000654	0.010020	0.000028
I	0.313118	0.064978	0.026673	0.488438	0.000005
J	0.000718	0.000002	0.000002	0.000002	0.000199
K	0.000775	0.000001	0.000746	0.000001	0.000012
L	0.003166	0.002991	0.964789	0.015197	0.000003
M	0.673763	0.650883	0.003624	0.313367	0.008795
N	0.000984	0.000002	0.000002	0.000002	0.000034
O	0.000151	0.000000	0.000000	0.000000	0.000012
P	0.002890	0.023388	0.000941	0.058863	0.000007
