A	0.000703	0.000000	0.000000	0.000000	0.000056
B	0.000000	0.000000	0.000000	0.000000	0.000141
C	0.000001	0.000001	0.000001	0.000001	0.000001
D	0.000000	0.000000	0.000000	0.000000	0.000000
E	0.000000	0.000000	0.000000	0.000000	0.000071
F	0.134019	0.169856	0.005135	0.120858	0.041322
G	0.041103	0.493593	0.002631	0.000250	0.000268
H	0.000000	0.000000	0.000000	0.000000	0.000000
I	0.000000	0.000000	0.000000	0.000000	0.000000
J	0.000000	0.000000	0.000000	0.000000	0.000000
K	0.000001	0.000001	0.000001	0.000001	0.000001
L	0.000000	0.000000	0.000000	0.000000	0.000000
M	0.025635	0.000458	0.001273	0.226477	0.704235
N	0.013043	0.000765	0.000191	0.003253	0.000071
O	0.001053	0.000000	0.000000	0.000000	0.000070
P	0.000000	0.000000	0.000000	0.000000	0.000000
Q	0.000001	0.000001	0.000001	0.000001	0.000001
R	0.000001	0.000001	0.000001	0.000001	0.000001
S	0.000000	0.000000	0.000000	0.000000	0.000000
T	0.027167	0.046843	0.010833	0.384397	0.112802
U	0.021592	0.169715	0.979406	0.001188	0.004433
V	0.000000	0.000000	0.000263	0.000000	0.000000
W	0.000000	0.000000	0.000000	0.000000	0.000000
X	0.000001	0.000001	0.000001	0.000001	0.000001
Y	0.000001	0.000001	0.000001	0.000001	0.000001
Z	0.000000	0.000000	0.000000	0.000000	0.000000
a	0.235833	0.046053	0.000029	0.254329	0.130117
b	0.499845	0.072711	0.000233	0.009242	0.006409
