A	0.000707	0.000707	0.000707	0.000707
B	0.001678	0.001678	0.001678	0.001678
C	0.004005	0.004005	0.004005	0.004005
D	0.003456	0.003456	0.003456	0.003456
E	0.001628	0.001628	0.001628	0.001628
F	0.001872	0.001872	0.001872	0.001872
G	0.005226	0.005226	0.005226	0.005226
H	0.000275	0.000275	0.000275	0.000275
I	0.001172	0.001172	0.001172	0.001172
J	0.002036	0.002036	0.002036	0.002036
K	0.006543	0.006543	0.006543	0.006543
L	0.000756	0.000756	0.000756	0.000756
M	0.004381	0.004381	0.004381	0.004381
N	0.002270	0.002270	0.002270	0.002270
O	0.000554	0.000554	0.000554	0.000554
P	0.002664	0.002664	0.002664	0.002664
Q	0.004727	0.004727	0.004727	0.004727
R	0.007928	0.007928	0.007928	0.007928
S	0.910704	0.910704	0.001613	0.910704
T	0.007527	0.007527	0.007527	0.007527
U	0.006779	0.006779	0.006779	0.006779
V	0.000579	0.000579	0.000579	0.000579
W	0.001741	0.001741	0.001741	0.001741
X	0.003622	0.003622	0.003622	0.003622
Y	0.006036	0.006036	0.006036	0.006036
Z	0.001294	0.001294	0.910385	0.001294
a	0.006022	0.006022	0.006022	0.006022
b	0.003818	0.003818	0.003818	0.003818
