A	0.000008	0.000008	0.000008	0.153553	0.086987
B	0.000007	0.000007	0.000007	0.000007	0.000007
C	0.000001	0.000001	0.000001	0.000001	0.000001
D	0.076498	0.999885	0.000010	0.000010	0.000010
E	0.085577	0.000014	0.000014	0.392725	0.203657
F	0.000004	0.000004	0.000004	0.000004	0.000004
G	0.000001	0.000001	0.000001	0.000001	0.000001
H	0.113556	0.000005	0.000005	0.002303	0.000005
I	0.188895	0.000018	0.000018	0.000018	0.597061
J	0.000008	0.000008	0.000008	0.000008	0.000008
K	0.000002	0.000002	0.000002	0.000002	0.000002
L	0.084009	0.000012	0.999887	0.000012	0.000012
M	0.337560	0.000018	0.000018	0.451338	0.112227
N	0.000007	0.000007	0.000007	0.000007	0.000007
O	0.000002	0.000002	0.000002	0.000002	0.000002
P	0.113866	0.000009	0.000009	0.000009	0.000009
