A	0.019850	0.000002	0.000002	0.000002	0.000002
B	0.000003	0.000003	0.000003	0.000003	0.000003
C	0.000009	0.172932	0.000009	0.000009	0.000009
D	0.000008	0.000008	0.000008	0.000008	0.000008
E	0.000003	0.000003	0.000003	0.000003	0.000003
F	0.035553	0.054170	0.999803	0.000909	0.136010
G	0.000013	0.000013	0.000013	0.000013	0.000013
H	0.000001	0.011926	0.000001	0.000577	0.010166
I	0.000002	0.000002	0.000002	0.000002	0.000002
J	0.000005	0.000005	0.000005	0.000005	0.000005
K	0.000018	0.000018	0.000018	0.000018	0.000018
L	0.000002	0.000002	0.000002	0.000002	0.000002
M	0.112213	0.163623	0.000008	0.176494	0.000008
N	0.000006	0.000006	0.000006	0.000006	0.000006
O	0.003197	0.010851	0.000001	0.000001	0.006422
P	0.000005	0.000005	0.000005	0.000005	0.000005
Q	0.064902	0.069763	0.000010	0.000010	0.000010
R	0.000017	0.000017	0.000017	0.000017	0.000017
S	0.000003	0.000003	0.000003	0.000003	0.000003
T	0.205180	0.124910	0.000016	0.000016	0.847222
U	0.128464	0.000015	0.000015	0.000015	0.000015
V	0.000001	0.006498	0.000001	0.000001	0.000001
W	0.000003	0.000003	0.000003	0.000003	0.000003
X	0.281858	0.000008	0.000008	0.000008	0.000008
Y	0.000015	0.000015	0.000015	0.000015	0.000015
Z	0.000003	0.000003	0.000003	0.000003	0.000003
a	0.148656	0.266859	0.000011	0.821842	0.000011
b	0.000009	0.118337	0.000009	0.000009	0.000009
