A	0.000000	0.000000	0.000000	0.000000	0.000000
B	0.000001	0.000001	0.000001	0.000001	0.000001
C	0.000004	0.000004	0.000004	0.000004	0.000004
D	0.000002	0.000002	0.000002	0.000002	0.000002
E	0.000001	0.000001	0.000001	0.000001	0.000001
F	0.000002	0.000002	0.000002	0.000002	0.000002
G	0.000004	0.000004	0.000004	0.000004	0.090182
H	0.000000	0.000000	0.000000	0.000000	0.000000
I	0.000001	0.000001	0.000001	0.000001	0.000001
J	0.000002	0.000002	0.000002	0.000002	0.000002
K	0.000005	0.000005	0.000005	0.000005	0.000005
L	0.000000	0.000000	0.000000	0.000000	0.000000
M	0.000003	0.000003	0.000003	0.904358	0.000003
N	0.000002	0.000002	0.000002	0.000002	0.028533
O	0.000000	0.000000	0.000000	0.000000	0.001406
P	0.000001	0.000001	0.000001	0.000001	0.000001
Q	0.000004	0.000004	0.000004	0.000004	0.000004
R	0.000005	0.000005	0.000005	0.000005	0.000005
S	0.000001	0.000001	0.000001	0.000001	0.000001
T	0.000005	0.000005	0.000005	0.000005	0.081578
U	0.000005	0.999938	0.000005	0.000005	0.000005
V	0.000000	0.000000	0.000000	0.000000	0.000000
W	0.000001	0.000001	0.000001	0.000001	0.000001
X	0.000004	0.000004	0.000004	0.000004	0.000004
Y	0.000005	0.000005	0.000005	0.000005	0.000005
Z	0.000001	0.000001	0.000001	0.000001	0.000001
a	0.752386	0.000004	0.808965	0.095581	0.798249
b	0.247554	0.000004	0.190976	0.000004	0.000004
