A	0.123493	0.000025	0.999733	0.000025	0.000025	0.000025
B	0.000027	0.000027	0.000027	0.000027	0.000027	0.000027
C	0.000006	0.000006	0.000006	0.000006	0.000006	0.000006
D	0.000024	0.000024	0.000024	0.426074	0.000024	0.000024
E	0.129260	0.000039	0.000039	0.000039	0.999748	0.000039
F	0.000018	0.000018	0.000018	0.000018	0.000018	0.000018
G	0.000004	0.000004	0.000004	0.000004	0.000004	0.000004
H	0.000014	0.000014	0.000014	0.000014	0.000014	0.000014
I	0.000039	0.999748	0.000039	0.000039	0.000039	0.991270
J	0.049896	0.000010	0.000010	0.000010	0.000010	0.000010
K	0.000002	0.000002	0.000002	0.000002	0.000002	0.000002
L	0.000007	0.000007	0.000007	0.000007	0.000007	0.008484
M	0.206144	0.000036	0.000036	0.573694	0.000036	0.000036
N	0.491046	0.000021	0.000021	0.000021	0.000021	0.000021
O	0.000004	0.000004	0.000004	0.000004	0.000004	0.000004
P	0.000016	0.000016	0.000016	0.000016	0.000016	0.000016
