A	0.000003	0.000003	0.000003	0.000003	0.000003	0.000003
B	0.000004	0.000004	0.000004	0.000004	0.000004	0.000004
C	0.000023	0.196450	0.160208	0.542737	0.086292	0.301420
D	0.000007	0.000007	0.000007	0.000007	0.000007	0.000007
E	0.000000	0.000000	0.000000	0.000000	0.000000	0.000000
F	0.000009	0.000009	0.000009	0.000009	0.000009	0.037500
G	0.000014	0.000014	0.000014	0.000014	0.000014	0.000014
H	0.000002	0.000002	0.000002	0.000002	0.000002	0.000002
I	0.000002	0.000002	0.000002	0.000002	0.000002	0.000002
J	0.000013	0.274662	0.469653	0.222070	0.006367	0.148257
K	0.000009	0.000009	0.000009	0.000009	0.000009	0.000009
L	0.000000	0.000000	0.000000	0.000000	0.000000	0.000000
M	0.000013	0.000013	0.000013	0.000013	0.000013	0.042062
N	0.000007	0.000007	0.000007	0.000007	0.000007	0.000007
O	0.000001	0.000001	0.000001	0.000001	0.000001	0.000001
P	0.000001	0.000001	0.000001	0.000001	0.000001	0.000001
Q	0.979370	0.000009	0.197679	0.000009	0.828059	0.075080
R	0.001824	0.000007	0.000007	0.000007	0.000007	0.000007
S	0.000000	0.000000	0.000000	0.000000	0.000000	0.000000
T	0.000020	0.000020	0.000020	0.000020	0.000020	0.180204
U	0.000004	0.000004	0.000004	0.000004	0.000004	0.000004
V	0.000002	0.000002	0.000002	0.000002	0.000002	0.000002
W	0.000003	0.000003	0.000003	0.000003	0.000003	0.000003
X	0.000016	0.528741	0.172320	0.235044	0.079144	0.159148
Y	0.018629	0.000007	0.000007	0.000007	0.000007	0.000007
Z	0.000000	0.000000	0.000000	0.000000	0.000000	0.000000
a	0.000015	0.000015	0.000015	0.000015	0.000015	0.056245
b	0.000008	0.000008	0.000008	0.000008	0.000008	0.000008
