A	0.000000	0.000000	0.000000	0.000000
B	0.000713	0.000000	0.000000	0.000000
C	0.011916	0.000002	0.000002	0.000002
D	0.054213	0.024360	0.000001	0.000001
E	0.000000	0.000000	0.000000	0.000000
F	0.018563	0.006121	0.000001	0.000001
G	0.232286	0.159579	0.000001	0.000001
H	0.002275	0.000000	0.000000	0.000000
I	0.000000	0.000000	0.000000	0.000000
J	0.000001	0.000001	0.000001	0.000001
K	0.069972	0.006535	0.000001	0.105640
L	0.000000	0.000000	0.000000	0.000000
M	0.044802	0.023437	0.000002	0.009364
N	0.142509	0.139144	0.983170	0.836504
O	0.000938	0.000000	0.000000	0.000000
P	0.000000	0.000000	0.000000	0.000000
Q	0.000001	0.000001	0.000001	0.000001
R	0.102064	0.106671	0.016809	0.022380
S	0.000000	0.000000	0.000000	0.000000
T	0.031167	0.050501	0.000002	0.000002
U	0.037877	0.057019	0.000000	0.026095
V	0.002659	0.000000	0.000000	0.000000
W	0.000000	0.000000	0.000000	0.000000
X	0.000002	0.000002	0.000002	0.000002
Y	0.068325	0.023697	0.000001	0.000001
Z	0.000157	0.000000	0.000000	0.000000
a	0.052842	0.021133	0.000002	0.000002
b	0.126716	0.381794	0.000001	0.000001
