A	0.000002	0.000002	0.000002	0.000002
B	0.000002	0.000002	0.000002	0.000002
C	0.006825	0.006578	0.000011	0.095440
D	0.005916	0.000004	0.000004	0.000004
E	0.000000	0.000000	0.000000	0.000000
F	0.000004	0.000004	0.000004	0.005949
G	0.000007	0.000007	0.000007	0.000007
H	0.000001	0.000001	0.000001	0.000001
I	0.000001	0.000001	0.000001	0.000001
J	0.064875	0.008835	0.694081	0.145089
K	0.009134	0.000005	0.000005	0.000005
L	0.000000	0.000000	0.000000	0.000000
M	0.000007	0.000007	0.000007	0.000007
N	0.000004	0.000004	0.000004	0.000004
O	0.000000	0.000000	0.000000	0.000000
P	0.000001	0.000001	0.000001	0.000001
Q	0.480861	0.144693	0.116213	0.129287
R	0.054003	0.000004	0.000004	0.000004
S	0.000000	0.000000	0.000000	0.000000
T	0.000010	0.000010	0.000010	0.005545
U	0.000002	0.000002	0.000002	0.000002
V	0.000001	0.000001	0.000001	0.000001
W	0.000001	0.000001	0.000001	0.000001
X	0.373806	0.839822	0.189622	0.613920
Y	0.004525	0.000004	0.000004	0.000004
Z	0.000000	0.000000	0.000000	0.000000
a	0.000007	0.000007	0.000007	0.004720
b	0.000004	0.000004	0.000004	0.000004
