A	0.015060	0.000030	0.002101	0.021360
B	0.632570	0.000037	0.000037	0.000037
C	0.004403	0.000007	0.000007	0.000007
D	0.078828	0.000032	0.000692	0.947399
E	0.056496	0.001674	0.117897	0.002289
F	0.041260	0.000018	0.000018	0.000018
G	0.003818	0.000003	0.000003	0.000003
H	0.001431	0.000014	0.596827	0.020469
I	0.029640	0.986710	0.006857	0.000042
J	0.024357	0.000011	0.000011	0.000011
K	0.000002	0.000002	0.000002	0.000002
L	0.006328	0.000007	0.004375	0.000007
M	0.053542	0.011407	0.170253	0.001782
N	0.039845	0.000025	0.000025	0.000025
O	0.006655	0.000004	0.000004	0.000004
P	0.005765	0.000018	0.100891	0.006546
