A	0.000002	0.000002	0.000002	0.000002
B	0.000003	0.000003	0.000003	0.000003
C	0.000014	0.000014	0.000014	0.000014
D	0.000005	0.000005	0.003194	0.079393
E	0.074497	0.174496	0.298561	0.109758
F	0.105959	0.072309	0.000005	0.012955
G	0.000009	0.000009	0.000009	0.000009
H	0.000001	0.000001	0.000001	0.000001
I	0.000002	0.000002	0.000002	0.000002
J	0.000008	0.000008	0.000008	0.000008
K	0.000006	0.000006	0.001262	0.059046
L	0.102798	0.191509	0.004906	0.150786
M	0.052493	0.024342	0.047548	0.005045
N	0.000005	0.000005	0.000005	0.000005
O	0.000000	0.000000	0.000000	0.000000
P	0.000001	0.000001	0.000001	0.000001
Q	0.000006	0.000006	0.000006	0.000006
R	0.000004	0.000004	0.003048	0.127428
S	0.111892	0.102379	0.222348	0.063177
T	0.216843	0.057090	0.079332	0.079432
U	0.000003	0.000003	0.001324	0.000003
V	0.000001	0.000001	0.000001	0.000001
W	0.000002	0.000002	0.000002	0.000002
X	0.000010	0.000010	0.000010	0.000010
Y	0.000004	0.000004	0.000004	0.056067
Z	0.082522	0.172598	0.275824	0.097598
a	0.252905	0.205188	0.062577	0.159244
b	0.000005	0.000005	0.000005	0.000005
