A	0.029972	0.000001	0.000001	0.000001	0.000001	0.000001
B	0.000001	0.000001	0.000001	0.000001	0.000001	0.000001
C	0.000004	0.000004	0.000004	0.000004	0.000004	0.416697
D	0.730992	0.086173	0.000002	0.000002	0.000002	0.000002
E	0.000000	0.000000	0.000000	0.000000	0.000000	0.000000
F	0.000002	0.000002	0.000002	0.000002	0.000002	0.000002
G	0.000002	0.107857	0.000002	0.000002	0.000002	0.000002
H	0.000000	0.000000	0.000000	0.000000	0.000000	0.000000
I	0.000001	0.000001	0.000001	0.000001	0.000001	0.000001
J	0.000002	0.000002	0.000002	0.000002	0.000002	0.112015
K	0.000002	0.000002	0.000002	0.999964	0.801458	0.000002
L	0.000000	0.000000	0.000000	0.000000	0.000000	0.000000
M	0.000003	0.000003	0.000003	0.000003	0.000003	0.000003
N	0.000002	0.000002	0.000002	0.000002	0.000002	0.000002
O	0.041474	0.000000	0.000000	0.000000	0.000000	0.002962
P	0.005337	0.000000	0.000000	0.000000	0.000000	0.000000
Q	0.000001	0.000001	0.000001	0.000001	0.000001	0.275360
R	0.147004	0.052721	0.000002	0.000002	0.000002	0.000002
S	0.000000	0.000000	0.000000	0.000000	0.000000	0.000000
T	0.000004	0.000004	0.000004	0.000004	0.000004	0.000004
U	0.045188	0.056522	0.000001	0.000001	0.000001	0.000001
V	0.000000	0.000000	0.000000	0.000000	0.000000	0.000000
W	0.000001	0.000001	0.000001	0.000001	0.000001	0.000001
X	0.000003	0.000003	0.000003	0.000003	0.000003	0.192938
Y	0.000002	0.696698	0.999963	0.000002	0.198507	0.000002
Z	0.000000	0.000000	0.000000	0.000000	0.000000	0.000000
a	0.000003	0.000003	0.000003	0.000003	0.000003	0.000003
b	0.000002	0.000002	0.000002	0.000002	0.000002	0.000002
