A	0.000020	0.000000	0.000000	0.000068
B	0.167127	0.125215	0.704709	0.166810
C	0.000092	0.000001	0.000001	0.000124
D	0.000001	0.000001	0.004334	0.015315
E	0.000000	0.000000	0.000000	0.000000
F	0.002312	0.000608	0.000001	0.000001
G	0.000197	0.000001	0.000001	0.000890
H	0.000042	0.000000	0.000000	0.000005
I	0.084317	0.186556	0.178772	0.142910
J	0.000102	0.000001	0.000001	0.000102
K	0.000001	0.000001	0.033714	0.067063
L	0.000000	0.000000	0.000000	0.000000
M	0.090420	0.008720	0.000001	0.000001
N	0.000182	0.000001	0.000001	0.000240
O	0.000041	0.000000	0.000000	0.000000
P	0.009182	0.018595	0.020828	0.006758
Q	0.000000	0.000000	0.000000	0.000083
R	0.000001	0.000001	0.001506	0.002448
S	0.000000	0.000000	0.000000	0.000000
T	0.001922	0.000158	0.000001	0.000001
U	0.000305	0.000000	0.000000	0.000180
V	0.000010	0.000000	0.000000	0.000078
W	0.627108	0.651197	0.050060	0.559240
X	0.000035	0.000001	0.000001	0.000085
Y	0.000001	0.000001	0.006067	0.036424
Z	0.000000	0.000000	0.000000	0.000000
a	0.016463	0.008943	0.000001	0.000001
b	0.000117	0.000001	0.000001	0.001172
