A	0.176908	0.000005	0.043950	0.102243
B	0.000007	0.000007	0.000007	0.000007
C	0.000001	0.000001	0.000001	0.000001
D	0.270558	0.000006	0.276251	0.339141
E	0.007337	0.000008	0.088633	0.003802
F	0.000004	0.000004	0.000004	0.000004
G	0.000001	0.000001	0.000001	0.000001
H	0.000941	0.000003	0.050759	0.000003
I	0.091048	0.000009	0.172866	0.250705
J	0.000002	0.000002	0.000002	0.000002
K	0.000000	0.000000	0.000000	0.013822
L	0.086057	0.999939	0.038149	0.117338
M	0.275950	0.000007	0.194746	0.083652
N	0.000004	0.000004	0.000004	0.000004
O	0.000001	0.000001	0.000001	0.000001
P	0.091180	0.000003	0.134625	0.089275
