A	0.000106	0.074895	0.000007	0.000007	0.103325
B	0.003233	0.000009	0.000009	0.000009	0.000009
C	0.000001	0.000001	0.182370	0.000001	0.468574
D	0.128289	0.125591	0.128861	0.000008	0.000008
E	0.312288	0.727448	0.584468	0.725575	0.237706
F	0.000005	0.000005	0.000005	0.000005	0.000005
G	0.000001	0.000001	0.000001	0.158379	0.000001
H	0.011940	0.000004	0.000004	0.000004	0.000004
I	0.000012	0.000012	0.000012	0.000012	0.000012
J	0.000003	0.000003	0.000003	0.000003	0.000003
K	0.000001	0.000001	0.000001	0.000001	0.018509
L	0.053738	0.017644	0.000002	0.006769	0.000002
M	0.472411	0.054039	0.092963	0.014363	0.041983
N	0.000006	0.000006	0.000006	0.000006	0.000006
O	0.000001	0.000001	0.011287	0.094855	0.129853
P	0.017966	0.000343	0.000004	0.000004	0.000004
