A	0.044429	0.000001	0.054659	0.016401
B	0.000001	0.000001	0.000001	0.000679
C	0.022147	0.000006	0.000006	0.000006
D	0.000002	0.000002	0.000002	0.000869
E	0.003497	0.000000	0.006725	0.024191
F	0.000003	0.000003	0.010401	0.268901
G	0.561279	0.095373	0.041720	0.012335
H	0.008269	0.000000	0.021922	0.026356
I	0.000001	0.000001	0.000001	0.000001
J	0.000003	0.000003	0.000003	0.000003
K	0.000003	0.000003	0.000003	0.000176
L	0.000000	0.000000	0.000000	0.000000
M	0.115377	0.127889	0.072671	0.023732
N	0.000002	0.000029	0.015418	0.015218
O	0.036136	0.000000	0.008890	0.025937
P	0.000000	0.000000	0.000000	0.003794
Q	0.003023	0.000002	0.000002	0.000002
R	0.000002	0.000002	0.000002	0.001097
S	0.002864	0.000000	0.011884	0.015554
T	0.008172	0.541739	0.650465	0.393926
U	0.065832	0.130308	0.026400	0.050397
V	0.035110	0.000001	0.035606	0.045138
W	0.000001	0.000001	0.000001	0.000001
X	0.000542	0.000004	0.000004	0.000004
Y	0.000002	0.000002	0.000002	0.002100
Z	0.001616	0.000000	0.000000	0.003959
a	0.084690	0.076833	0.018271	0.013316
b	0.006997	0.027797	0.024941	0.055904
