A	0.000031	0.000031	0.000031	0.652977	0.121382	0.412812
B	0.999672	0.750059	0.999672	0.346726	0.000041	0.000041
C	0.000006	0.000006	0.000006	0.000006	0.000006	0.000006
D	0.000037	0.000037	0.000037	0.000037	0.000037	0.446105
E	0.000041	0.000041	0.000041	0.000041	0.082212	0.000041
F	0.000021	0.000021	0.000021	0.000021	0.000021	0.000021
G	0.000003	0.000003	0.000003	0.000003	0.000003	0.000003
H	0.000016	0.000016	0.000016	0.000016	0.000016	0.000016
I	0.000052	0.000052	0.000052	0.000052	0.380875	0.000052
J	0.000015	0.249627	0.000015	0.000015	0.000015	0.000015
K	0.000002	0.000002	0.000002	0.000002	0.000002	0.000002
L	0.000009	0.000009	0.000009	0.000009	0.015591	0.000009
M	0.000045	0.000045	0.000045	0.000045	0.399750	0.110249
N	0.000027	0.000027	0.000027	0.000027	0.000027	0.000027
O	0.000003	0.000003	0.000003	0.000003	0.000003	0.000003
P	0.000020	0.000020	0.000020	0.000020	0.000020	0.030597
