A	0.000007	0.000007	0.000007	0.000007	0.000007
B	0.067714	0.908773	0.000009	0.408873	0.657763
C	0.000041	0.000041	0.000041	0.000041	0.000041
D	0.000019	0.000019	0.000019	0.000019	0.000019
E	0.000001	0.000001	0.000001	0.000001	0.000001
F	0.000019	0.000019	0.000019	0.000019	0.000019
G	0.000029	0.000029	0.000029	0.000029	0.000029
H	0.000004	0.000004	0.000004	0.000004	0.000004
I	0.000006	0.000006	0.275820	0.000006	0.000006
J	0.000028	0.000028	0.000028	0.000028	0.000028
K	0.000026	0.000026	0.000026	0.000026	0.000026
L	0.000000	0.000000	0.000000	0.000000	0.000000
M	0.000035	0.000035	0.000035	0.000035	0.000035
N	0.000018	0.000018	0.000018	0.000018	0.000018
O	0.000002	0.000002	0.000002	0.000002	0.000002
P	0.000003	0.090789	0.000003	0.050920	0.030291
Q	0.000015	0.000015	0.000015	0.000015	0.000015
R	0.000019	0.000019	0.000019	0.000019	0.000019
S	0.000000	0.000000	0.000000	0.000000	0.000000
T	0.000042	0.000042	0.000042	0.000042	0.000042
U	0.000008	0.000008	0.000008	0.000008	0.000008
V	0.000004	0.000004	0.000004	0.000004	0.000004
W	0.931851	0.000006	0.723741	0.539774	0.311514
X	0.000033	0.000033	0.000033	0.000033	0.000033
Y	0.000020	0.000020	0.000020	0.000020	0.000020
Z	0.000000	0.000000	0.000000	0.000000	0.000000
a	0.000036	0.000036	0.000036	0.000036	0.000036
b	0.000020	0.000020	0.000020	0.000020	0.000020
