A	0.000026	0.000026	0.000026	0.000026	0.032303
B	0.000022	0.000022	0.000022	0.000022	0.000022
C	0.021529	0.179535	0.624462	0.108910	0.414078
D	0.000030	0.000030	0.000030	0.000030	0.000030
E	0.000030	0.000030	0.000030	0.000030	0.022786
F	0.000012	0.000012	0.000012	0.000012	0.000012
G	0.253612	0.053139	0.102143	0.558840	0.176021
H	0.000013	0.000013	0.000013	0.000013	0.000013
I	0.000034	0.000034	0.000034	0.000034	0.014063
J	0.000008	0.000008	0.000008	0.000008	0.000008
K	0.042337	0.000003	0.163380	0.268281	0.075406
L	0.000009	0.000009	0.000009	0.000009	0.000009
M	0.007158	0.000029	0.000029	0.000029	0.023098
N	0.000013	0.000013	0.000013	0.000013	0.000013
O	0.675154	0.767084	0.109776	0.063729	0.242125
P	0.000014	0.000014	0.000014	0.000014	0.000014
