A	0.020934	0.000001	0.000001	0.000001
B	0.000001	0.000001	0.000001	0.000001
C	0.000006	0.000006	0.000006	0.000006
D	0.000003	0.000003	0.000003	0.000003
E	0.000000	0.001914	0.000000	0.026096
F	0.371907	0.085484	0.059468	0.000003
G	0.000004	0.056897	0.038008	0.111366
H	0.016280	0.009215	0.014655	0.015729
I	0.000001	0.000001	0.000001	0.001757
J	0.000004	0.000004	0.000004	0.000004
K	0.000004	0.000004	0.000004	0.000004
L	0.000000	0.000000	0.000000	0.023165
M	0.001874	0.215678	0.281928	0.000005
N	0.060370	0.039240	0.117200	0.092890
O	0.022195	0.029736	0.000000	0.000000
P	0.000000	0.000000	0.000000	0.002321
Q	0.000002	0.000002	0.000002	0.000002
R	0.000003	0.000003	0.000003	0.000003
S	0.000000	0.000472	0.000000	0.013603
T	0.192329	0.033451	0.000006	0.535218
U	0.065848	0.108304	0.175064	0.068788
V	0.028934	0.016812	0.000001	0.000001
W	0.000001	0.000001	0.000001	0.000001
X	0.000005	0.000005	0.000005	0.000005
Y	0.000003	0.000003	0.000003	0.004070
Z	0.000000	0.000000	0.000000	0.021911
a	0.013475	0.326873	0.302697	0.000005
b	0.205814	0.075889	0.010937	0.083042
