A	0.000071	0.000071	0.000071	0.000071
B	0.155285	0.000077	0.999234	0.999234
C	0.000017	0.000017	0.000017	0.000017
D	0.000069	0.000069	0.000069	0.000069
E	0.308908	0.000114	0.000114	0.000114
F	0.180146	0.000052	0.000052	0.000052
G	0.000011	0.000011	0.000011	0.000011
H	0.000041	0.000041	0.000041	0.000041
I	0.035568	0.000114	0.000114	0.000114
J	0.003035	0.999186	0.000029	0.000029
K	0.000006	0.000006	0.000006	0.000006
L	0.000019	0.000019	0.000019	0.000019
M	0.292025	0.000104	0.000104	0.000104
N	0.024742	0.000061	0.000061	0.000061
O	0.000012	0.000012	0.000012	0.000012
P	0.000046	0.000046	0.000046	0.000046
