A	0.000022	0.083326	0.365887	0.278607
B	0.000019	0.000019	0.000019	0.051681
C	0.000006	0.000006	0.000006	0.048133
D	0.000025	0.126512	0.000025	0.000025
E	0.000025	0.233465	0.000025	0.021673
F	0.000010	0.000010	0.000010	0.002912
G	0.000004	0.000004	0.000004	0.000004
H	0.000011	0.004408	0.000011	0.002483
I	0.000028	0.118189	0.000028	0.217222
J	0.000007	0.000007	0.000007	0.067808
K	0.000002	0.000002	0.050214	0.027633
L	0.999790	0.012621	0.007798	0.000007
M	0.000024	0.416811	0.532209	0.222002
N	0.000011	0.000011	0.000011	0.009780
O	0.000004	0.000004	0.043735	0.025336
P	0.000012	0.004606	0.000012	0.024694
