A	0.000001	0.000001	0.000001	0.000001
B	0.000001	0.000001	0.000001	0.000001
C	0.000005	0.000005	0.000005	0.000005
D	0.113779	0.128224	0.013528	0.000002
E	0.000000	0.000000	0.000000	0.000000
F	0.000002	0.000002	0.000002	0.000002
G	0.122835	0.208076	0.000003	0.000003
H	0.000000	0.000000	0.000000	0.000000
I	0.000001	0.000001	0.000001	0.000001
J	0.000003	0.000003	0.000003	0.000003
K	0.093927	0.157381	0.208032	0.642126
L	0.000000	0.000000	0.000000	0.000000
M	0.000003	0.000003	0.000003	0.000003
N	0.254824	0.218837	0.108934	0.344492
O	0.000000	0.000000	0.000000	0.000000
P	0.000000	0.000000	0.000000	0.000000
Q	0.000002	0.000002	0.000002	0.000002
R	0.149553	0.000001	0.291103	0.002160
S	0.005542	0.000000	0.000000	0.000000
T	0.000004	0.000004	0.000004	0.000004
U	0.132409	0.045912	0.378369	0.000904
V	0.000000	0.000000	0.000000	0.000000
W	0.000001	0.000001	0.000001	0.000001
X	0.000003	0.000003	0.000003	0.000003
Y	0.052643	0.099276	0.000001	0.000001
Z	0.000000	0.000000	0.000000	0.000000
a	0.000003	0.000003	0.000003	0.000003
b	0.074460	0.142265	0.000002	0.010285
