A	0.007549	0.007549	0.007549	0.007549
B	0.008244	0.008244	0.008244	0.917335
C	0.001776	0.001776	0.001776	0.001776
D	0.007376	0.007376	0.007376	0.007376
E	0.921492	0.921492	0.012401	0.012401
F	0.005674	0.005674	0.005674	0.005674
G	0.001182	0.001182	0.001182	0.001182
H	0.004569	0.004569	0.004569	0.004569
I	0.012655	0.012655	0.012655	0.012655
J	0.003194	0.003194	0.003194	0.003194
K	0.000665	0.000665	0.000665	0.000665
L	0.002113	0.002113	0.002113	0.002113
M	0.010991	0.010991	0.010991	0.010991
N	0.006461	0.006461	0.915552	0.006461
O	0.001223	0.001223	0.001223	0.001223
P	0.004836	0.004836	0.004836	0.004836
