A	0.009481	0.002265	0.000001	0.000001	0.001647
B	0.000001	0.000001	0.000001	0.000001	0.000001
C	0.022529	0.000004	0.000004	0.000004	0.000004
D	0.000002	0.000002	0.000002	0.000002	0.001099
E	0.000001	0.000001	0.036929	0.137936	0.354744
F	0.031959	0.043214	0.005854	0.496806	0.000002
G	0.018831	0.003298	0.000004	0.000004	0.415309
H	0.007805	0.000050	0.000000	0.000000	0.000000
I	0.000001	0.000001	0.000001	0.000001	0.000001
J	0.001939	0.000002	0.000002	0.000002	0.000002
K	0.000003	0.000003	0.000003	0.000003	0.002097
L	0.000000	0.000000	0.027585	0.037333	0.018172
M	0.034565	0.044829	0.030675	0.018746	0.000002
N	0.005217	0.000225	0.000002	0.000002	0.000002
O	0.000385	0.000000	0.000028	0.000000	0.003891
P	0.000000	0.000000	0.000000	0.000000	0.000335
Q	0.064208	0.000001	0.000001	0.000001	0.000001
R	0.000002	0.000002	0.000002	0.000002	0.003881
S	0.000000	0.000000	0.187794	0.197693	0.078635
T	0.102993	0.802705	0.630197	0.001755	0.001244
U	0.027838	0.042650	0.007934	0.000001	0.012286
V	0.012140	0.000490	0.000000	0.000000	0.000820
W	0.000001	0.000001	0.000001	0.000001	0.006981
X	0.018968	0.000002	0.000002	0.000002	0.000002
Y	0.000002	0.000002	0.000002	0.000002	0.002946
Z	0.000000	0.000000	0.021681	0.078073	0.084148
a	0.621166	0.060011	0.051295	0.031627	0.011745
b	0.019960	0.000242	0.000002	0.000002	0.000002
