A	0.000001	0.000001	0.000001	0.000001
B	0.000001	0.000001	0.000001	0.000001
C	0.079331	0.068511	0.056437	0.107171
D	0.000002	0.000002	0.000002	0.000002
E	0.000000	0.000000	0.000000	0.000000
F	0.000002	0.000002	0.000002	0.010452
G	0.000003	0.000003	0.000003	0.000003
H	0.000000	0.000000	0.000000	0.000000
I	0.000001	0.000001	0.000001	0.000001
J	0.100752	0.076415	0.059061	0.343369
K	0.000002	0.000002	0.000002	0.000002
L	0.000000	0.000000	0.000000	0.000000
M	0.000003	0.000003	0.000003	0.096142
N	0.000002	0.000002	0.000002	0.000002
O	0.000000	0.000000	0.000000	0.000000
P	0.000000	0.000000	0.000000	0.000000
Q	0.743472	0.606791	0.872244	0.168618
R	0.008042	0.000002	0.000002	0.000002
S	0.000000	0.000000	0.000000	0.000000
T	0.000004	0.000004	0.000004	0.134983
U	0.000001	0.000001	0.000001	0.000001
V	0.000000	0.000000	0.000000	0.000000
W	0.000001	0.000001	0.000001	0.000001
X	0.067033	0.248252	0.012227	0.040996
Y	0.001343	0.000002	0.000002	0.000002
Z	0.000000	0.000000	0.000000	0.000000
a	0.000003	0.000003	0.000003	0.098250
b	0.000002	0.000002	0.000002	0.000002
