A	0.025778	0.005199	0.000016	0.078536
B	0.006116	0.000018	0.000018	0.000018
C	0.149885	0.417091	0.053332	0.448987
D	0.000717	0.000016	0.000016	0.000016
E	0.093589	0.017953	0.000027	0.068904
F	0.000012	0.000012	0.000012	0.000012
G	0.254888	0.174147	0.081553	0.071921
H	0.002705	0.000010	0.000010	0.000010
I	0.043272	0.019294	0.000027	0.073254
J	0.000007	0.000007	0.000007	0.000007
K	0.095864	0.074801	0.036510	0.086030
L	0.005362	0.000005	0.000005	0.000005
M	0.241889	0.075727	0.000024	0.086198
N	0.001810	0.000014	0.000014	0.000014
O	0.070622	0.215698	0.828421	0.086081
P	0.007483	0.000010	0.000010	0.000010
