A	0.002579	0.003455	0.000043	0.041878
B	0.000047	0.000047	0.000047	0.000047
C	0.000010	0.000010	0.000010	0.000010
D	0.755562	0.654709	0.000042	0.719463
E	0.005286	0.000775	0.000070	0.000071
F	0.000032	0.000032	0.000032	0.000032
G	0.000007	0.000007	0.000007	0.000007
H	0.077674	0.057586	0.000026	0.000479
I	0.000217	0.000429	0.000072	0.019381
J	0.000018	0.000018	0.000018	0.000018
K	0.000004	0.000004	0.000004	0.000004
L	0.004008	0.045846	0.000012	0.052768
M	0.085615	0.017276	0.000062	0.021892
N	0.000037	0.000037	0.000037	0.000037
O	0.000007	0.000007	0.000007	0.000007
P	0.068900	0.219764	0.999512	0.143907
