A	0.000481	0.000005	0.000005	0.000005	0.000005	0.002858
B	0.000005	0.000005	0.000005	0.000005	0.000005	0.000005
C	0.000001	0.000001	0.000001	0.000001	0.000001	0.000001
D	0.502537	0.203634	0.071901	0.607127	0.117030	0.243119
E	0.003591	0.000008	0.000008	0.000008	0.000008	0.000008
F	0.000004	0.000004	0.000004	0.000004	0.000004	0.000004
G	0.000001	0.000001	0.000001	0.000001	0.000001	0.000001
H	0.172331	0.252345	0.023651	0.117813	0.177654	0.299948
I	0.001104	0.000008	0.000008	0.000008	0.000008	0.007919
J	0.000002	0.000002	0.000002	0.000002	0.000002	0.000002
K	0.000000	0.000000	0.000000	0.000000	0.000000	0.000000
L	0.180100	0.093203	0.150198	0.243654	0.105057	0.319895
M	0.001369	0.000007	0.000007	0.000007	0.000007	0.000007
N	0.000004	0.000004	0.000004	0.000004	0.000004	0.000004
O	0.000001	0.000001	0.000001	0.000001	0.000001	0.000001
P	0.138468	0.450772	0.754203	0.031360	0.600212	0.126228
