A	0.020519	0.000003	0.000003	0.014438
B	0.311895	0.000003	0.000003	0.732163
C	0.000001	0.000001	0.000001	0.000001
D	0.000003	0.000003	0.000003	0.000003
E	0.026246	0.000003	0.000003	0.000003
F	0.146904	0.000002	0.244598	0.000002
G	0.000000	0.000000	0.000000	0.000000
H	0.000001	0.000001	0.000001	0.000001
I	0.002293	0.000004	0.000004	0.027920
J	0.076612	0.999971	0.026901	0.223122
K	0.000000	0.000000	0.000000	0.000000
L	0.000001	0.000001	0.000001	0.000001
M	0.052571	0.000004	0.000004	0.000004
N	0.362952	0.000002	0.728476	0.002341
O	0.000000	0.000000	0.000000	0.000000
P	0.000002	0.000002	0.000002	0.000002
