A	0.000006	0.000006	0.000006	0.006212
B	0.000008	0.000008	0.000008	0.000008
C	0.083138	0.052698	0.079845	0.274071
D	0.033910	0.000018	0.000018	0.000018
E	0.000001	0.000001	0.000001	0.000001
F	0.000017	0.000017	0.034756	0.065011
G	0.000027	0.000027	0.000027	0.010939
H	0.000004	0.000004	0.000004	0.007366
I	0.000005	0.000005	0.000005	0.000005
J	0.706100	0.020118	0.124768	0.128810
K	0.016575	0.000024	0.000024	0.000024
L	0.000000	0.000000	0.000000	0.000000
M	0.000032	0.000032	0.035338	0.061003
N	0.000016	0.000016	0.000016	0.017281
O	0.000001	0.000001	0.000001	0.000001
P	0.000003	0.000003	0.000003	0.002867
Q	0.010729	0.868801	0.507934	0.063465
R	0.060403	0.000017	0.000017	0.000017
S	0.000000	0.000000	0.000000	0.000000
T	0.000039	0.000039	0.079063	0.190825
U	0.000008	0.000008	0.000008	0.008158
V	0.000004	0.000004	0.000004	0.001585
W	0.000006	0.000006	0.000006	0.001195
X	0.068753	0.058076	0.112125	0.082454
Y	0.020163	0.000018	0.000018	0.000018
Z	0.000000	0.000000	0.000000	0.000000
a	0.000033	0.000033	0.025984	0.047854
b	0.000018	0.000018	0.000018	0.030809
