A	0.000014	0.512815	0.011714	0.244896
B	0.000018	0.000018	0.000018	0.061459
C	0.003728	0.000003	0.000003	0.000003
D	0.000015	0.301785	0.000015	0.374189
E	0.144970	0.000018	0.555693	0.000187
F	0.048291	0.000009	0.000009	0.005571
G	0.042328	0.000002	0.000002	0.003509
H	0.724855	0.174033	0.155504	0.171723
I	0.000021	0.000021	0.163667	0.023666
J	0.000006	0.000006	0.000006	0.000006
K	0.000001	0.000001	0.000001	0.000001
L	0.000004	0.011249	0.083340	0.042296
M	0.000019	0.000019	0.029170	0.056519
N	0.000011	0.000011	0.000011	0.001148
O	0.000002	0.000002	0.000002	0.000002
P	0.035717	0.000008	0.000845	0.014826
