A	0.000003	0.000003	0.000003	0.001274
B	0.000004	0.000004	0.000004	0.000004
C	0.039049	0.032599	0.191195	0.181169
D	0.005337	0.000008	0.000008	0.000008
E	0.000000	0.000000	0.000000	0.001133
F	0.000009	0.000009	0.016316	0.062377
G	0.000015	0.000015	0.000015	0.001766
H	0.000002	0.000002	0.000002	0.000002
I	0.000003	0.000003	0.000003	0.001477
J	0.113783	0.136140	0.009543	0.325921
K	0.041134	0.000010	0.000010	0.000010
L	0.000000	0.000000	0.000000	0.000000
M	0.000014	0.000014	0.037288	0.106827
N	0.000008	0.000008	0.000008	0.000008
O	0.000001	0.000001	0.000001	0.000001
P	0.000002	0.000002	0.000002	0.000002
Q	0.750915	0.755418	0.646088	0.067427
R	0.019933	0.000008	0.000008	0.000008
S	0.000000	0.000000	0.000000	0.000000
T	0.000021	0.000021	0.050810	0.160804
U	0.000005	0.000005	0.000005	0.001318
V	0.000002	0.000002	0.000002	0.000094
W	0.000003	0.000003	0.000003	0.000003
X	0.017938	0.075694	0.037646	0.055585
Y	0.011795	0.000007	0.000007	0.000007
Z	0.000000	0.000000	0.000000	0.000000
a	0.000015	0.000015	0.011023	0.032356
b	0.000009	0.000009	0.000009	0.000418
