A	0.000003	0.999960	0.073763	0.061228	0.090770
B	0.000005	0.000005	0.000005	0.000005	0.004123
C	0.000001	0.000001	0.000001	0.000001	0.000126
D	0.000004	0.000004	0.076141	0.114273	0.076458
E	0.999962	0.000005	0.006270	0.074729	0.108824
F	0.000003	0.000003	0.000003	0.000003	0.011882
G	0.000001	0.000001	0.000001	0.000301	0.000301
H	0.000002	0.000002	0.157707	0.154204	0.119320
I	0.000006	0.000006	0.313183	0.231558	0.206075
J	0.000002	0.000002	0.000002	0.003952	0.025906
K	0.000000	0.000000	0.000301	0.000000	0.000000
L	0.000001	0.000001	0.113661	0.120419	0.105319
M	0.000004	0.000004	0.128239	0.114306	0.113977
N	0.000003	0.000003	0.000003	0.000003	0.014603
O	0.000001	0.000001	0.000001	0.000001	0.000901
P	0.000002	0.000002	0.130721	0.125017	0.121416
