A	0.024029	0.000141	0.000000	0.000000	0.000000	0.000000
B	0.000000	0.000000	0.000000	0.000000	0.000000	0.000000
C	0.172450	0.000002	0.000002	0.000002	0.000002	0.000002
D	0.000001	0.000001	0.000001	0.000001	0.000001	0.000001
E	0.000000	0.000000	0.000000	0.000000	0.000696	0.000000
F	0.003705	0.004088	0.000999	0.000366	0.011379	0.156352
G	0.028131	0.012832	0.003593	0.000001	0.000001	0.078478
H	0.003011	0.000141	0.000000	0.000000	0.000000	0.000000
I	0.000000	0.000000	0.000000	0.000000	0.000000	0.000000
J	0.001302	0.000001	0.000001	0.000001	0.000001	0.000001
K	0.000001	0.000001	0.000001	0.000001	0.000001	0.000001
L	0.000000	0.000000	0.000000	0.000000	0.000000	0.000000
M	0.584822	0.000792	0.000002	0.964131	0.000002	0.451027
N	0.002263	0.013828	0.004843	0.004290	0.823728	0.239624
O	0.001830	0.000423	0.000000	0.000000	0.000000	0.000000
P	0.000000	0.000000	0.000000	0.000000	0.000000	0.000000
Q	0.007288	0.000001	0.000001	0.000001	0.000001	0.000001
R	0.000001	0.000001	0.000001	0.000001	0.000001	0.000001
S	0.000000	0.000000	0.000000	0.000000	0.000282	0.000000
T	0.000423	0.962168	0.000002	0.000002	0.000002	0.025481
U	0.005638	0.000000	0.000282	0.000028	0.000000	0.013244
V	0.029345	0.000000	0.000000	0.000000	0.000000	0.000000
W	0.000000	0.000000	0.000000	0.000000	0.000000	0.000000
X	0.038679	0.000001	0.000001	0.000001	0.000001	0.000001
Y	0.000001	0.000001	0.000001	0.000001	0.000001	0.000001
Z	0.000000	0.000000	0.000000	0.000000	0.000000	0.000000
a	0.089529	0.000120	0.990268	0.031111	0.000002	0.003623
b	0.007550	0.005455	0.000001	0.000059	0.163897	0.032161
