A	0.099934	0.000027	0.000027	0.000027	0.050488
B	0.000029	0.000029	0.000029	0.000029	0.474868
C	0.000006	0.000006	0.000006	0.000006	0.004005
D	0.000026	0.000026	0.000026	0.000026	0.000026
E	0.000043	0.000043	0.999725	0.829239	0.000043
F	0.000020	0.000020	0.000020	0.000020	0.179730
G	0.000004	0.000004	0.000004	0.000004	0.005320
H	0.093718	0.000016	0.000016	0.000016	0.000016
I	0.195425	0.000043	0.000043	0.000043	0.000043
J	0.000011	0.000011	0.000011	0.022783	0.168190
K	0.000002	0.000002	0.000002	0.000002	0.000002
L	0.610698	0.009167	0.000007	0.000007	0.011123
M	0.000039	0.962783	0.000039	0.039804	0.000039
N	0.000023	0.000023	0.000023	0.107972	0.106086
O	0.000005	0.000005	0.000005	0.000005	0.000005
P	0.000017	0.027796	0.000017	0.000017	0.000017
