A	0.015085	0.000016	0.000016	0.000016
B	0.000022	0.000022	0.000022	0.000022
C	0.000005	0.000005	0.000005	0.000005
D	0.000018	0.000018	0.000018	0.000018
E	0.000024	0.000024	0.258082	0.081760
F	0.088889	0.000014	0.000014	0.000014
G	0.003695	0.000003	0.000003	0.000003
H	0.000010	0.000010	0.086800	0.216697
I	0.186933	0.955318	0.631229	0.132337
J	0.072090	0.044511	0.000009	0.000009
K	0.001444	0.000002	0.000002	0.000002
L	0.003233	0.000006	0.023749	0.056947
M	0.189857	0.000022	0.000022	0.221175
N	0.310456	0.000015	0.000015	0.000015
O	0.000003	0.000003	0.000003	0.019323
P	0.128236	0.000010	0.000010	0.271656
