A	0.004498	0.000001	0.000001	0.000001
B	0.000001	0.000001	0.000001	0.000001
C	0.003807	0.000007	0.000007	0.000007
D	0.006839	0.013721	0.000002	0.000002
E	0.000000	0.000000	0.000000	0.000000
F	0.016127	0.083429	0.066619	0.000647
G	0.040100	0.069884	0.120785	0.026201
H	0.001891	0.002681	0.000001	0.000001
I	0.000001	0.000001	0.000001	0.000001
J	0.000115	0.000004	0.000004	0.000004
K	0.007680	0.000003	0.000003	0.000003
L	0.000000	0.000000	0.000000	0.000000
M	0.020095	0.095282	0.030156	0.041557
N	0.018303	0.129134	0.030691	0.076028
O	0.001454	0.001191	0.000000	0.000000
P	0.000001	0.000001	0.000001	0.000001
Q	0.000657	0.000003	0.000003	0.000003
R	0.016017	0.002360	0.000002	0.000002
S	0.000000	0.000000	0.000000	0.000000
T	0.738868	0.294412	0.040914	0.077936
U	0.083526	0.028958	0.569575	0.686117
V	0.001526	0.000001	0.000001	0.000001
W	0.000001	0.000001	0.000001	0.000001
X	0.006085	0.000005	0.000005	0.000005
Y	0.003019	0.006476	0.000002	0.000002
Z	0.000000	0.000000	0.000000	0.000000
a	0.019031	0.142353	0.072451	0.028479
b	0.010356	0.130092	0.068775	0.063002
