A	0.000003	0.000003	0.000003	0.000003
B	0.792193	0.026153	0.495779	0.305720
C	0.000023	0.000023	0.000023	0.000023
D	0.000013	0.000013	0.000013	0.000013
E	0.000003	0.000003	0.000003	0.000003
F	0.010009	0.000011	0.000011	0.000011
G	0.000020	0.000020	0.000020	0.000020
H	0.000002	0.000002	0.000002	0.000002
I	0.141795	0.125110	0.351940	0.052409
J	0.000013	0.000013	0.000013	0.000013
K	0.000016	0.000016	0.000016	0.000016
L	0.000001	0.000001	0.000001	0.000001
M	0.000016	0.000016	0.000016	0.000016
N	0.000011	0.000011	0.000011	0.000011
O	0.000001	0.000001	0.000001	0.000001
P	0.045579	0.671239	0.024414	0.545705
Q	0.000007	0.000007	0.000007	0.000007
R	0.000012	0.000012	0.000012	0.000012
S	0.000001	0.000001	0.000001	0.000001
T	0.000018	0.000018	0.000018	0.000018
U	0.000006	0.000006	0.000006	0.000006
V	0.000002	0.000002	0.000002	0.000002
W	0.010204	0.177266	0.127635	0.095935
X	0.000014	0.000014	0.000014	0.000014
Y	0.000012	0.000012	0.000012	0.000012
Z	0.000001	0.000001	0.000001	0.000001
a	0.000016	0.000016	0.000016	0.000016
b	0.000011	0.000011	0.000011	0.000011
