A	0.000024	0.070582	0.000024	0.155225
B	0.000035	0.000035	0.000035	0.000035
C	0.000006	0.000006	0.000006	0.000006
D	0.000028	0.170994	0.283889	0.275325
E	0.000033	0.000033	0.144127	0.020176
F	0.000020	0.000020	0.000020	0.000020
G	0.000004	0.000004	0.000004	0.000004
H	0.000014	0.260119	0.152003	0.130754
I	0.000040	0.039102	0.045215	0.061531
J	0.000013	0.000013	0.000013	0.000013
K	0.000002	0.000002	0.000002	0.000002
L	0.999706	0.018103	0.105329	0.109084
M	0.000032	0.190779	0.073191	0.138887
N	0.000024	0.000024	0.000024	0.000024
O	0.000004	0.000004	0.000004	0.000004
P	0.000016	0.250180	0.196114	0.108910
