A	0.000001	0.233431	0.000001	0.006561
B	0.000001	0.000001	0.000001	0.002210
C	0.052000	0.073351	0.000132	0.000000
D	0.020260	0.050952	0.000001	0.009541
E	0.733105	0.152072	0.823959	0.788307
F	0.000001	0.000001	0.000001	0.008313
G	0.026996	0.011682	0.000050	0.001639
H	0.018528	0.103202	0.000461	0.017133
I	0.000363	0.191164	0.000002	0.004736
J	0.000000	0.000000	0.000000	0.000317
K	0.000101	0.015948	0.000000	0.000168
L	0.000000	0.029688	0.003383	0.006995
M	0.088320	0.041194	0.171336	0.140963
N	0.000001	0.000001	0.000001	0.001251
O	0.045405	0.032907	0.000086	0.003799
P	0.014915	0.064406	0.000584	0.008067
