A	0.000039	0.000039	0.000039	0.041907
B	0.000038	0.000038	0.000038	0.000038
C	0.000015	0.000015	0.000015	0.000015
D	0.000043	0.590046	0.000043	0.140481
E	0.025205	0.015517	0.000053	0.030611
F	0.000022	0.000022	0.000022	0.000022
G	0.000009	0.000009	0.000009	0.000009
H	0.570013	0.289135	0.000022	0.550479
I	0.000047	0.000047	0.000047	0.033024
J	0.000011	0.000011	0.000011	0.000011
K	0.000005	0.000005	0.000005	0.000005
L	0.337791	0.000011	0.999597	0.000011
M	0.031252	0.000046	0.000046	0.067368
N	0.000022	0.000022	0.000022	0.000022
O	0.000009	0.000009	0.000009	0.000009
P	0.035479	0.105028	0.000022	0.135987
