A	0.000011	0.000011	0.000011	0.000011
B	0.000013	0.000013	0.000013	0.304810
C	0.000002	0.000002	0.000002	0.000002
D	0.000011	0.000011	0.000011	0.000011
E	0.000013	0.000013	0.000013	0.000013
F	0.718790	0.999892	0.713648	0.106127
G	0.000001	0.000001	0.000001	0.000001
H	0.000005	0.000005	0.000005	0.000005
I	0.000015	0.000015	0.000015	0.094260
J	0.281105	0.000004	0.212422	0.278215
K	0.000001	0.000001	0.000001	0.000001
L	0.000002	0.000002	0.000002	0.000002
M	0.000014	0.000014	0.000014	0.000014
N	0.000009	0.000009	0.073834	0.216520
O	0.000001	0.000001	0.000001	0.000001
P	0.000006	0.000006	0.000006	0.000006
