A	0.000009	0.000009	0.000009	0.001845
B	0.086966	0.010911	0.000010	0.040504
C	0.000002	0.000002	0.000002	0.000002
D	0.000009	0.000009	0.000009	0.000009
E	0.000782	0.000014	0.000014	0.012204
F	0.251936	0.332673	0.210906	0.741350
G	0.000001	0.000001	0.000001	0.000001
H	0.000005	0.000005	0.000005	0.000005
I	0.005765	0.000015	0.000015	0.038984
J	0.610799	0.533141	0.631384	0.118708
K	0.000001	0.000001	0.000001	0.000001
L	0.000002	0.000002	0.000002	0.000002
M	0.000861	0.000013	0.000013	0.007030
N	0.042853	0.123196	0.157622	0.039348
O	0.000001	0.000001	0.000001	0.000001
P	0.000006	0.000006	0.000006	0.000006
