A	0.044241	0.000029	0.000029	0.011000
B	0.542425	0.043269	0.530814	0.000028
C	0.000011	0.000011	0.000011	0.000011
D	0.000031	0.000031	0.000031	0.000031
E	0.013282	0.000039	0.000039	0.000433
F	0.217346	0.049811	0.332392	0.008531
G	0.000007	0.000007	0.000007	0.000007
H	0.000016	0.000016	0.000016	0.000016
I	0.074857	0.000035	0.000035	0.015813
J	0.053574	0.862100	0.056312	0.904870
K	0.000004	0.000004	0.000004	0.000004
L	0.000008	0.000008	0.000008	0.000008
M	0.018507	0.000034	0.000034	0.002519
N	0.035668	0.044583	0.080246	0.056706
O	0.000006	0.000006	0.000006	0.000006
P	0.000016	0.000016	0.000016	0.000016
