A	0.000001	0.000001	0.000001	0.000001
B	0.000001	0.000001	0.000001	0.000001
C	0.000005	0.000005	0.000005	0.000005
D	0.000002	0.000002	0.000002	0.000002
E	0.000000	0.000000	0.000000	0.000000
F	0.000002	0.004980	0.255472	0.000002
G	0.000003	0.000003	0.000003	0.000003
H	0.000000	0.000000	0.000000	0.000000
I	0.000001	0.000001	0.000001	0.000001
J	0.000003	0.000003	0.000003	0.000003
K	0.000002	0.000002	0.000002	0.000002
L	0.000000	0.000000	0.000000	0.000000
M	0.091322	0.151124	0.134025	0.474363
N	0.063818	0.000002	0.066709	0.000002
O	0.000000	0.000000	0.000000	0.008754
P	0.000000	0.000000	0.000000	0.000000
Q	0.000002	0.000002	0.000002	0.000002
R	0.000002	0.000002	0.000002	0.000002
S	0.000000	0.000000	0.000000	0.000000
T	0.314557	0.414371	0.000005	0.000005
U	0.016577	0.000001	0.037718	0.000001
V	0.000000	0.000000	0.000000	0.000000
W	0.000001	0.000001	0.000001	0.000001
X	0.000004	0.000004	0.000004	0.000004
Y	0.000002	0.000002	0.000002	0.000002
Z	0.000000	0.000000	0.000000	0.000000
a	0.312191	0.000003	0.479361	0.438581
b	0.201505	0.429490	0.026682	0.078264
