A	0.000003	0.000003	0.000003	0.006728
B	0.000004	0.000004	0.000004	0.000004
C	0.000017	0.000017	0.000017	0.021928
D	0.000006	0.192616	0.000006	0.025752
E	0.000000	0.000000	0.000000	0.000000
F	0.000006	0.000006	0.000006	0.000006
G	0.166006	0.269573	0.000011	0.011044
H	0.000001	0.000001	0.000001	0.012607
I	0.000002	0.000002	0.000002	0.000002
J	0.000011	0.000011	0.000011	0.023053
K	0.202220	0.052793	0.000008	0.434123
L	0.000000	0.000000	0.000000	0.000000
M	0.000010	0.005447	0.000010	0.000010
N	0.454396	0.049146	0.000006	0.013114
O	0.000001	0.000001	0.000001	0.000001
P	0.000001	0.000001	0.000001	0.000001
Q	0.000007	0.000007	0.000007	0.017713
R	0.003265	0.102934	0.961353	0.170067
S	0.000000	0.000000	0.000000	0.000000
T	0.000015	0.003695	0.000015	0.000015
U	0.102297	0.099983	0.036109	0.008168
V	0.000001	0.000001	0.000001	0.019248
W	0.000002	0.000002	0.000002	0.000002
X	0.000011	0.000011	0.000011	0.013396
Y	0.000005	0.119343	0.002397	0.208115
Z	0.000000	0.000000	0.000000	0.000000
a	0.000011	0.000011	0.000011	0.000011
b	0.071701	0.104391	0.000006	0.014893
