A	0.147859	0.000010	0.000010	0.057906
B	0.000009	0.000009	0.000009	0.254775
C	0.072524	0.000004	0.000004	0.078633
D	0.339984	0.000011	0.000011	0.116415
E	0.000013	0.000013	0.899491	0.000013
F	0.000005	0.000005	0.000005	0.043758
G	0.035362	0.000002	0.000002	0.026241
H	0.094183	0.000006	0.000006	0.038377
I	0.000012	0.801100	0.000012	0.000012
J	0.000003	0.000003	0.019690	0.172630
K	0.011512	0.000001	0.000001	0.032127
L	0.110014	0.198812	0.000003	0.103658
M	0.093571	0.000011	0.080744	0.000011
N	0.000006	0.000006	0.000006	0.075436
O	0.031951	0.000002	0.000002	0.000002
P	0.062992	0.000006	0.000006	0.000006
