A	0.001959	0.002664	0.012617	0.018007
B	0.030671	0.007152	0.000001	0.000001
C	0.000003	0.000003	0.000003	0.021181
D	0.615973	0.110532	0.278619	0.045610
E	0.011951	0.000831	0.000000	0.000000
F	0.000001	0.000001	0.000001	0.000001
G	0.009324	0.000905	0.006230	0.015368
H	0.002044	0.003829	0.001088	0.002605
I	0.000979	0.000000	0.000000	0.000000
J	0.000002	0.000002	0.000002	0.002249
K	0.107914	0.181657	0.031759	0.218990
L	0.014117	0.002083	0.000000	0.000000
M	0.000214	0.000003	0.000003	0.000003
N	0.005740	0.002699	0.000012	0.000525
O	0.000904	0.001573	0.001423	0.001841
P	0.001759	0.000000	0.000000	0.000000
Q	0.000001	0.000001	0.000001	0.005821
R	0.025625	0.036303	0.024391	0.017520
S	0.015200	0.004599	0.000000	0.000000
T	0.000003	0.000003	0.000003	0.000003
U	0.003045	0.002638	0.002287	0.003154
V	0.003613	0.001709	0.003625	0.007229
W	0.032093	0.000336	0.000000	0.000000
X	0.000002	0.000002	0.000002	0.013508
Y	0.076710	0.625257	0.629390	0.622894
Z	0.008290	0.006308	0.000000	0.000000
a	0.000112	0.000003	0.000003	0.000003
b	0.031751	0.008907	0.008536	0.003484
