A	0.000001	0.000001	0.000001	0.000001	0.000001
B	0.000001	0.000001	0.000001	0.000001	0.000001
C	0.099011	0.000004	0.804548	0.000004	0.999955
D	0.137253	0.000002	0.000002	0.000002	0.000002
E	0.000000	0.000000	0.000000	0.000000	0.000000
F	0.000002	0.000002	0.000002	0.000002	0.000002
G	0.000003	0.000003	0.000003	0.000003	0.000003
H	0.000000	0.000000	0.000000	0.000000	0.000000
I	0.000001	0.000001	0.000001	0.000001	0.000001
J	0.000003	0.999954	0.118490	0.000003	0.000003
K	0.320374	0.000003	0.000003	0.000003	0.000003
L	0.000000	0.000000	0.000000	0.000000	0.000000
M	0.000004	0.000004	0.000004	0.000004	0.000004
N	0.000002	0.000002	0.000002	0.000002	0.000002
O	0.000000	0.000000	0.000000	0.000000	0.000000
P	0.000000	0.000000	0.000000	0.000000	0.000000
Q	0.000002	0.000002	0.012904	0.000002	0.000002
R	0.412594	0.000002	0.000002	0.000002	0.000002
S	0.000000	0.000000	0.000000	0.000000	0.000000
T	0.000005	0.000005	0.000005	0.000005	0.000005
U	0.000001	0.000001	0.000001	0.000001	0.000001
V	0.000000	0.000000	0.000000	0.000000	0.000000
W	0.000001	0.000001	0.000001	0.000001	0.000001
X	0.000004	0.000004	0.064022	0.999955	0.000004
Y	0.030732	0.000002	0.000002	0.000002	0.000002
Z	0.000000	0.000000	0.000000	0.000000	0.000000
a	0.000004	0.000004	0.000004	0.000004	0.000004
b	0.000002	0.000002	0.000002	0.000002	0.000002
