A	0.001371	0.001371	0.001371	0.001371
B	0.001821	0.001821	0.001821	0.001821
C	0.008371	0.917462	0.917462	0.008371
D	0.003871	0.003871	0.003871	0.003871
E	0.000177	0.000177	0.000177	0.000177
F	0.003826	0.003826	0.003826	0.003826
G	0.005846	0.005846	0.005846	0.005846
H	0.000830	0.000830	0.000830	0.000830
I	0.001185	0.001185	0.001185	0.001185
J	0.005648	0.005648	0.005648	0.005648
K	0.005256	0.005256	0.005256	0.005256
L	0.000062	0.000062	0.000062	0.000062
M	0.007020	0.007020	0.007020	0.007020
N	0.003584	0.003584	0.003584	0.003584
O	0.000329	0.000329	0.000329	0.000329
P	0.000646	0.000646	0.000646	0.000646
Q	0.003100	0.003100	0.003100	0.003100
R	0.003705	0.003705	0.003705	0.003705
S	0.000031	0.000031	0.000031	0.000031
T	0.008652	0.008652	0.008652	0.008652
U	0.001685	0.001685	0.001685	0.001685
V	0.000861	0.000861	0.000861	0.000861
W	0.001274	0.001274	0.001274	0.001274
X	0.915671	0.006580	0.006580	0.915671
Y	0.003993	0.003993	0.003993	0.003993
Z	0.000072	0.000072	0.000072	0.000072
a	0.007186	0.007186	0.007186	0.007186
b	0.003927	0.003927	0.003927	0.003927
