A	0.014888	0.000049	0.000049	0.008881
B	0.000053	0.000053	0.000053	0.000053
C	0.087498	0.968503	0.000584	0.267998
D	0.000047	0.000047	0.000047	0.000047
E	0.013443	0.000078	0.000078	0.000220
F	0.000036	0.000036	0.000036	0.000036
G	0.007104	0.000070	0.007259	0.019052
H	0.000029	0.000029	0.000029	0.000029
I	0.002436	0.000078	0.000078	0.018326
J	0.000020	0.000020	0.000020	0.000020
K	0.043120	0.021221	0.000041	0.453676
L	0.000013	0.000013	0.000013	0.000013
M	0.042623	0.000071	0.000071	0.019678
N	0.000042	0.000042	0.000042	0.000042
O	0.788619	0.009659	0.991570	0.211900
P	0.000031	0.000031	0.000031	0.000031
