A	0.000255	0.000092	0.000092	0.005119
B	0.064085	0.636030	0.000090	0.088016
C	0.000036	0.000036	0.000036	0.000036
D	0.000101	0.000101	0.000101	0.000101
E	0.055958	0.000124	0.000124	0.012452
F	0.766546	0.159053	0.000051	0.762006
G	0.000022	0.000022	0.000022	0.000022
H	0.000053	0.000053	0.000053	0.000053
I	0.015378	0.000112	0.000112	0.018531
J	0.045669	0.035126	0.999045	0.031348
K	0.000011	0.000011	0.000011	0.000011
L	0.000027	0.000027	0.000027	0.000027
M	0.023930	0.000108	0.000108	0.017910
N	0.027855	0.169031	0.000053	0.064294
O	0.000021	0.000021	0.000021	0.000021
P	0.000053	0.000053	0.000053	0.000053
