A	0.000002	0.000002	0.000002	0.000002
B	0.000006	0.000006	0.000006	0.000006
C	0.000016	0.000016	0.000016	0.000016
D	0.000009	0.000009	0.622514	0.026808
E	0.000002	0.000002	0.000002	0.000002
F	0.000008	0.000008	0.000008	0.000008
G	0.000013	0.000013	0.137754	0.000013
H	0.000001	0.000001	0.000001	0.000001
I	0.000004	0.000004	0.000004	0.000004
J	0.000009	0.000009	0.000009	0.000009
K	0.062466	0.748149	0.000011	0.000011
L	0.003297	0.000001	0.000001	0.000001
M	0.000011	0.000011	0.000011	0.000011
N	0.016846	0.075796	0.012427	0.000007
O	0.008247	0.000000	0.000000	0.002155
P	0.042049	0.000002	0.000002	0.000002
Q	0.000005	0.000005	0.000005	0.102496
R	0.299194	0.027436	0.000008	0.329754
S	0.039392	0.000000	0.000000	0.000000
T	0.000012	0.000012	0.000012	0.000012
U	0.524168	0.131980	0.078692	0.538639
V	0.000001	0.000001	0.000001	0.000001
W	0.000004	0.000004	0.000004	0.000004
X	0.000009	0.000009	0.000009	0.000009
Y	0.000008	0.000008	0.085649	0.000008
Z	0.004202	0.000001	0.000001	0.000001
a	0.000011	0.000011	0.000011	0.000011
b	0.000007	0.016502	0.062839	0.000007
