A	0.000002	0.000002	0.000002	0.000002	0.000002	0.000002
B	0.000002	0.000002	0.000002	0.000002	0.000002	0.000002
C	0.007168	0.467913	0.308726	0.009232	0.002084	0.003419
D	0.001921	0.000005	0.000005	0.000005	0.000005	0.000005
E	0.000000	0.000000	0.000000	0.000000	0.000000	0.000000
F	0.000005	0.000005	0.000005	0.000005	0.002416	0.049073
G	0.000008	0.000008	0.000008	0.000008	0.000008	0.000008
H	0.000001	0.000001	0.000001	0.000001	0.000001	0.000001
I	0.000002	0.000002	0.000002	0.000002	0.000002	0.000002
J	0.975563	0.202911	0.301935	0.002148	0.002471	0.005923
K	0.001043	0.000007	0.000007	0.000007	0.000007	0.000007
L	0.000000	0.000000	0.000000	0.000000	0.000000	0.000000
M	0.000009	0.000009	0.000009	0.000009	0.004686	0.872853
N	0.002644	0.000005	0.000005	0.000005	0.000005	0.000005
O	0.000000	0.000000	0.000000	0.000000	0.000000	0.000000
P	0.000001	0.000001	0.000001	0.000001	0.000001	0.000001
Q	0.000004	0.016680	0.009625	0.000438	0.002401	0.010469
R	0.007420	0.013966	0.000005	0.000005	0.000005	0.000005
S	0.000000	0.000000	0.000000	0.000000	0.000000	0.000000
T	0.000011	0.000011	0.000011	0.000011	0.003015	0.050658
U	0.001390	0.000002	0.000002	0.000002	0.000002	0.000002
V	0.000001	0.000001	0.000001	0.000001	0.000001	0.000001
W	0.000002	0.000002	0.000002	0.000002	0.000002	0.000002
X	0.000274	0.298447	0.379625	0.988094	0.979670	0.005155
Y	0.001686	0.000005	0.000005	0.000005	0.000005	0.000005
Z	0.000000	0.000000	0.000000	0.000000	0.000000	0.000000
a	0.000009	0.000009	0.000009	0.000009	0.003205	0.002395
b	0.000832	0.000005	0.000005	0.000005	0.000005	0.000005
