A	0.003526	0.000054	0.000054	0.001272	0.013801	0.004530
B	0.000059	0.000059	0.000059	0.000059	0.000059	0.001916
C	0.000013	0.000013	0.000013	0.000013	0.000013	0.000013
D	0.948789	0.524105	0.000052	0.000052	0.006178	0.000139
E	0.000695	0.092734	0.000087	0.000087	0.914852	0.022168
F	0.000040	0.000040	0.000040	0.000040	0.000040	0.004515
G	0.000009	0.000009	0.000009	0.000009	0.000009	0.000009
H	0.008250	0.006025	0.008983	0.004507	0.044785	0.939888
I	0.018509	0.006764	0.981540	0.004563	0.004563	0.005042
J	0.000022	0.000022	0.000022	0.000022	0.000022	0.004497
K	0.000005	0.000005	0.000005	0.000005	0.000005	0.000005
L	0.010543	0.333658	0.000014	0.000014	0.004490	0.002929
M	0.003457	0.032456	0.000080	0.989266	0.004555	0.004555
N	0.000047	0.000047	0.000047	0.000047	0.000047	0.004522
O	0.000009	0.000009	0.000009	0.000009	0.000009	0.000009
P	0.006028	0.004001	0.008986	0.000035	0.006573	0.005263
