A	0.000038	0.000038	0.678271	0.000038
B	0.000054	0.000054	0.000054	0.000054
C	0.000010	0.000010	0.000010	0.000010
D	0.000043	0.000043	0.000043	0.041783
E	0.000055	0.000055	0.019639	0.134807
F	0.000033	0.000033	0.000033	0.000033
G	0.000007	0.000007	0.000007	0.000007
H	0.000022	0.000022	0.086504	0.327571
I	0.000065	0.999577	0.157072	0.000065
J	0.999534	0.000022	0.000022	0.000022
K	0.000004	0.000004	0.000004	0.000004
L	0.000013	0.000013	0.027892	0.156763
M	0.000051	0.000051	0.030381	0.279211
N	0.000038	0.000038	0.000038	0.000038
O	0.000007	0.000007	0.000007	0.000007
P	0.000025	0.000025	0.000025	0.059588
