A	0.020736	0.000000	0.011589	0.019174
B	0.000001	0.000001	0.000001	0.000001
C	0.014901	0.000003	0.000003	0.000003
D	0.000001	0.000001	0.000001	0.000234
E	0.003869	0.000442	0.037760	0.009831
F	0.047594	0.000001	0.004100	0.069299
G	0.028519	0.000908	0.034585	0.064822
H	0.010913	0.007917	0.014336	0.038596
I	0.000000	0.000000	0.000000	0.000000
J	0.059655	0.000002	0.000002	0.000002
K	0.000002	0.000002	0.000002	0.000002
L	0.001867	0.000000	0.026830	0.027291
M	0.050826	0.802044	0.000267	0.028036
N	0.055670	0.000098	0.033450	0.075336
O	0.019305	0.000730	0.012307	0.013605
P	0.000000	0.000000	0.000000	0.000000
Q	0.034813	0.000001	0.000001	0.000001
R	0.000001	0.000001	0.000001	0.000001
S	0.003808	0.027683	0.028656	0.025026
T	0.135123	0.002711	0.698435	0.320888
U	0.055011	0.026957	0.003965	0.031213
V	0.007689	0.000000	0.032643	0.024356
W	0.000000	0.000000	0.000000	0.000344
X	0.007937	0.000002	0.000002	0.000002
Y	0.000001	0.000001	0.000001	0.000001
Z	0.000000	0.000000	0.011781	0.023079
a	0.433733	0.130490	0.001423	0.200314
b	0.008021	0.000001	0.047857	0.028542
