A	0.000000	0.000000	0.000000	0.000000	0.000000	0.000000
B	0.000000	0.000000	0.000000	0.000000	0.000000	0.000000
C	0.000002	0.053346	0.799314	0.034163	0.000002	0.000002
D	0.472932	0.000001	0.000001	0.000001	0.000001	0.000001
E	0.000000	0.000000	0.000000	0.000000	0.000000	0.000000
F	0.000001	0.000001	0.000001	0.000001	0.000001	0.366296
G	0.000001	0.000001	0.000001	0.000001	0.000001	0.000001
H	0.000000	0.000000	0.000000	0.000000	0.000000	0.000000
I	0.000000	0.000000	0.000000	0.000000	0.000000	0.000000
J	0.000001	0.295276	0.000001	0.000001	0.000001	0.000001
K	0.299772	0.000001	0.000001	0.000001	0.000001	0.000001
L	0.000000	0.000000	0.000000	0.000000	0.000000	0.000000
M	0.000002	0.000002	0.000002	0.000002	0.217601	0.056793
N	0.000001	0.000001	0.000001	0.000001	0.000001	0.000001
O	0.000000	0.000000	0.000000	0.000000	0.000000	0.000000
P	0.000000	0.000000	0.000000	0.000000	0.000000	0.000000
Q	0.000001	0.000001	0.200668	0.000001	0.000001	0.000001
R	0.222438	0.000001	0.000001	0.000001	0.000001	0.000001
S	0.000000	0.000000	0.000000	0.000000	0.000000	0.000000
T	0.000002	0.000002	0.000002	0.000002	0.299773	0.429528
U	0.000000	0.000000	0.000000	0.000000	0.000000	0.000000
V	0.000000	0.000000	0.000000	0.000000	0.000000	0.000000
W	0.000000	0.000000	0.000000	0.000000	0.000000	0.000000
X	0.004842	0.651362	0.000002	0.965820	0.000002	0.000002
Y	0.000001	0.000001	0.000001	0.000001	0.000001	0.000001
Z	0.000000	0.000000	0.000000	0.000000	0.000000	0.000000
a	0.000002	0.000002	0.000002	0.000002	0.482611	0.147369
b	0.000001	0.000001	0.000001	0.000001	0.000001	0.000001
