A	0.000010	0.000010	0.000010	0.000010
B	0.000013	0.000013	0.000013	0.000013
C	0.000072	0.000072	0.000072	0.000072
D	0.004706	0.016207	0.000024	0.000395
E	0.000001	0.000001	0.000001	0.000001
F	0.002394	0.000026	0.000026	0.016566
G	0.000546	0.106354	0.013610	0.025734
H	0.000006	0.000006	0.000006	0.000006
I	0.000009	0.000009	0.000009	0.000009
J	0.000043	0.000043	0.000043	0.000043
K	0.012306	0.000157	0.008918	0.015554
L	0.000001	0.000001	0.000001	0.000001
M	0.004384	0.015819	0.011333	0.005566
N	0.064697	0.655587	0.033229	0.779788
O	0.000003	0.000003	0.000003	0.000003
P	0.000005	0.000005	0.000005	0.000005
Q	0.000029	0.000029	0.000029	0.000029
R	0.003332	0.009150	0.007252	0.003766
S	0.000000	0.000000	0.000000	0.000000
T	0.001363	0.008142	0.009266	0.003890
U	0.005552	0.039811	0.017490	0.018549
V	0.000006	0.000006	0.000006	0.000006
W	0.000009	0.000009	0.000009	0.000009
X	0.000049	0.000049	0.000049	0.000049
Y	0.036944	0.000022	0.000022	0.013138
Z	0.000001	0.000001	0.000001	0.000001
a	0.007412	0.000902	0.004489	0.006084
b	0.856107	0.147567	0.894084	0.110714
