A	0.000050	0.004257	0.000050	0.000050
B	0.000072	0.013815	0.000072	0.160673
C	0.000013	0.000013	0.000013	0.000013
D	0.000057	0.000057	0.000057	0.000057
E	0.006497	0.041116	0.030354	0.000073
F	0.000043	0.005132	0.880422	0.146734
G	0.000009	0.000009	0.000009	0.000009
H	0.000030	0.000030	0.000030	0.000030
I	0.988559	0.028352	0.020534	0.000086
J	0.000029	0.057963	0.014303	0.409170
K	0.000005	0.000005	0.000005	0.000005
L	0.004476	0.000017	0.000017	0.000017
M	0.000068	0.569182	0.000068	0.000068
N	0.000050	0.280012	0.054024	0.282973
O	0.000009	0.000009	0.000009	0.000009
P	0.000033	0.000033	0.000033	0.000033
