A	0.000001	0.025776	0.006591	0.014161
B	0.000001	0.000001	0.000001	0.000001
C	0.000005	0.000005	0.000005	0.000005
D	0.000002	0.958656	0.080324	0.078696
E	0.000000	0.000000	0.000000	0.000000
F	0.000002	0.000002	0.000002	0.000002
G	0.000003	0.010637	0.058204	0.083459
H	0.012915	0.000000	0.031643	0.036247
I	0.000001	0.000001	0.000001	0.000001
J	0.000003	0.000003	0.000003	0.000003
K	0.951838	0.000002	0.000002	0.082293
L	0.001082	0.000000	0.000000	0.000000
M	0.000003	0.000003	0.000003	0.000003
N	0.000002	0.000002	0.107805	0.127466
O	0.000000	0.000000	0.014386	0.010789
P	0.000000	0.000000	0.000000	0.000000
Q	0.000002	0.000002	0.000002	0.016592
R	0.000002	0.000002	0.383042	0.256594
S	0.005617	0.000000	0.000000	0.000000
T	0.000004	0.000004	0.000004	0.000004
U	0.000001	0.000001	0.065246	0.087697
V	0.002356	0.000000	0.035690	0.028468
W	0.000001	0.000001	0.000001	0.000001
X	0.000003	0.000003	0.000003	0.000003
Y	0.022144	0.004894	0.118217	0.095219
Z	0.004010	0.000000	0.000000	0.000000
a	0.000003	0.000003	0.000003	0.000003
b	0.000002	0.000002	0.098824	0.082294
