A	0.000007	0.000007	0.000007	0.000007	0.000007
B	0.000014	0.000014	0.000014	0.000014	0.000014
C	0.210509	0.962126	0.000041	0.183853	0.972391
D	0.000024	0.000024	0.000024	0.000024	0.000024
E	0.000007	0.000007	0.000007	0.000007	0.000007
F	0.000023	0.000023	0.000023	0.000023	0.000023
G	0.000040	0.000040	0.000040	0.000040	0.000040
H	0.000003	0.000003	0.000003	0.000003	0.000003
I	0.000008	0.000008	0.000008	0.000008	0.000008
J	0.188510	0.000022	0.610642	0.000022	0.015535
K	0.000029	0.000029	0.000029	0.000029	0.000029
L	0.000002	0.000002	0.000002	0.000002	0.000002
M	0.000024	0.000024	0.000024	0.000024	0.000024
N	0.000018	0.000018	0.000018	0.000018	0.000018
O	0.000002	0.000002	0.000002	0.000002	0.000002
P	0.000005	0.000005	0.000005	0.000005	0.000005
Q	0.000015	0.016904	0.388928	0.000015	0.011684
R	0.000022	0.000022	0.000022	0.000022	0.000022
S	0.000002	0.000002	0.000002	0.000002	0.000002
T	0.000039	0.000039	0.000039	0.000039	0.000039
U	0.000012	0.000012	0.000012	0.000012	0.000012
V	0.000003	0.000003	0.000003	0.000003	0.000003
W	0.000008	0.000008	0.000008	0.000008	0.000008
X	0.600600	0.020582	0.000023	0.815744	0.000023
Y	0.000024	0.000024	0.000024	0.000024	0.000024
Z	0.000003	0.000003	0.000003	0.000003	0.000003
a	0.000029	0.000029	0.000029	0.000029	0.000029
b	0.000019	0.000019	0.000019	0.000019	0.000019
