A	0.000003	0.000003	0.000003	0.028033
B	0.000006	0.000006	0.000006	0.000006
C	0.000019	0.000019	0.000019	0.000019
D	0.000011	0.000011	0.000011	0.000011
E	0.000003	0.000003	0.000003	0.001527
F	0.007800	0.078035	0.017944	0.009107
G	0.856593	0.857412	0.197555	0.013715
H	0.000001	0.000001	0.000001	0.002158
I	0.000004	0.000004	0.000004	0.000004
J	0.000010	0.000010	0.000010	0.000010
K	0.000014	0.000014	0.000014	0.000014
L	0.000001	0.000001	0.000001	0.000001
M	0.000011	0.039090	0.100905	0.000011
N	0.000009	0.001279	0.001180	0.000009
O	0.000001	0.000001	0.000001	0.000344
P	0.000002	0.000002	0.000002	0.000002
Q	0.000007	0.000007	0.000007	0.000007
R	0.000010	0.000010	0.000010	0.000010
S	0.000001	0.000001	0.000001	0.000001
T	0.000018	0.008710	0.146795	0.082796
U	0.082347	0.000006	0.030586	0.129242
V	0.000002	0.000002	0.000002	0.000002
W	0.000004	0.000004	0.000004	0.005924
X	0.000011	0.000011	0.000011	0.000011
Y	0.000011	0.000011	0.000011	0.000011
Z	0.000001	0.000001	0.000001	0.000928
a	0.041331	0.011577	0.323993	0.609145
b	0.011767	0.003767	0.180918	0.116949
