A	0.040800	0.000092	0.000092	0.000092
B	0.000112	0.000112	0.000112	0.000112
C	0.000017	0.000017	0.000017	0.000017
D	0.582991	0.342350	0.000098	0.711627
E	0.106092	0.000123	0.000123	0.000123
F	0.000060	0.000060	0.000060	0.000060
G	0.000009	0.000009	0.000009	0.000009
H	0.000045	0.000045	0.534012	0.021549
I	0.000150	0.000150	0.000150	0.000150
J	0.000041	0.000041	0.000041	0.000041
K	0.000006	0.000006	0.000006	0.000006
L	0.063897	0.656726	0.060952	0.162327
M	0.030169	0.000128	0.000128	0.000128
N	0.000076	0.000076	0.000076	0.000076
O	0.000011	0.000011	0.000011	0.000011
P	0.175523	0.000055	0.404114	0.103672
