A	0.043770	0.000715	0.019288	0.076933	0.079392
B	0.000002	0.000002	0.000002	0.000002	0.000002
C	0.292292	0.131427	0.469560	0.101804	0.182758
D	0.000017	0.000002	0.000002	0.000002	0.001876
E	0.274360	0.158041	0.078207	0.142709	0.243256
F	0.000001	0.000001	0.000001	0.000001	0.000001
G	0.089355	0.183823	0.061505	0.356763	0.219828
H	0.000001	0.000001	0.000001	0.000001	0.000958
I	0.030200	0.001446	0.016807	0.061511	0.059860
J	0.000001	0.000001	0.000001	0.000001	0.000001
K	0.099286	0.031615	0.214883	0.085102	0.012366
L	0.011089	0.000072	0.000000	0.000902	0.008571
M	0.082050	0.091138	0.008627	0.039919	0.111056
N	0.000001	0.000001	0.000001	0.000001	0.000258
O	0.077571	0.401715	0.131113	0.134348	0.072149
P	0.000001	0.000001	0.000001	0.000001	0.007669
