A	0.000007	0.000007	0.000007	0.000007	0.000007	0.000007
B	0.000007	0.000007	0.000007	0.000007	0.000007	0.000007
C	0.000003	0.000003	0.000003	0.000003	0.000003	0.000003
D	0.692630	0.678625	0.120603	0.640345	0.238741	0.673002
E	0.000010	0.000010	0.000010	0.000010	0.000010	0.000010
F	0.000004	0.000004	0.000004	0.000004	0.000004	0.000004
G	0.000002	0.000002	0.000002	0.000002	0.000002	0.000002
H	0.115210	0.026144	0.055418	0.001616	0.035834	0.040100
I	0.000009	0.000009	0.000009	0.000009	0.000009	0.000009
J	0.000002	0.000002	0.000002	0.000002	0.000002	0.000002
K	0.000001	0.000001	0.000001	0.000001	0.000001	0.000001
L	0.111308	0.064782	0.027149	0.107220	0.005989	0.104753
M	0.000009	0.000009	0.000009	0.000009	0.000009	0.000009
N	0.000004	0.000004	0.000004	0.000004	0.000004	0.000004
O	0.000002	0.000002	0.000002	0.000002	0.000002	0.000002
P	0.080793	0.230390	0.796771	0.250760	0.719377	0.182086
