A	0.006778	0.000019	0.002228	0.010384
B	0.000004	0.000004	0.000004	0.000004
C	0.000001	0.000001	0.000001	0.000001
D	0.228886	0.114927	0.919741	0.075437
E	0.010768	0.000045	0.000075	0.012439
F	0.000003	0.000003	0.000003	0.000003
G	0.000001	0.000001	0.000001	0.000001
H	0.057788	0.010773	0.004089	0.031080
I	0.008491	0.000380	0.000823	0.002699
J	0.000001	0.000001	0.000001	0.000001
K	0.000000	0.000000	0.000000	0.000000
L	0.016658	0.000619	0.004354	0.008662
M	0.030837	0.000832	0.001841	0.015570
N	0.000003	0.000003	0.000003	0.000003
O	0.000001	0.000001	0.000001	0.000001
P	0.639780	0.872392	0.066836	0.843714
