A	0.426098	0.000005	0.000005	0.000005	0.000005	0.249524
B	0.000005	0.022831	0.741326	0.000005	0.000005	0.000005
C	0.000001	0.000001	0.000001	0.000001	0.000001	0.000001
D	0.000004	0.000004	0.000004	0.000004	0.000004	0.000004
E	0.327515	0.000007	0.000007	0.000007	0.243610	0.015578
F	0.000003	0.392399	0.000003	0.000003	0.000003	0.000003
G	0.000001	0.000001	0.000001	0.000001	0.000001	0.000001
H	0.000003	0.000003	0.000003	0.000003	0.000003	0.000003
I	0.246352	0.000008	0.000008	0.000008	0.327515	0.645575
J	0.000002	0.000002	0.258626	0.000002	0.000002	0.000002
K	0.000000	0.000000	0.000000	0.000000	0.000000	0.000000
L	0.000001	0.000001	0.000001	0.000001	0.000001	0.000001
M	0.000007	0.000007	0.000007	0.000007	0.428842	0.089295
N	0.000004	0.584728	0.000004	0.999949	0.000004	0.000004
O	0.000001	0.000001	0.000001	0.000001	0.000001	0.000001
P	0.000003	0.000003	0.000003	0.000003	0.000003	0.000003
