A	0.000003	0.000003	0.000003	0.000003
B	0.000004	0.000004	0.000004	0.000004
C	0.228714	0.642184	0.213870	0.092735
D	0.008413	0.006261	0.000008	0.000008
E	0.000000	0.000000	0.000000	0.000000
F	0.000009	0.000009	0.000009	0.000009
G	0.000014	0.000014	0.000014	0.000014
H	0.000002	0.000002	0.000002	0.000002
I	0.000002	0.000002	0.000002	0.000002
J	0.066260	0.191689	0.095213	0.055613
K	0.080137	0.000010	0.000010	0.000010
L	0.000000	0.000000	0.000000	0.000000
M	0.000014	0.000014	0.000014	0.000014
N	0.000007	0.000007	0.000007	0.000007
O	0.000001	0.000001	0.000001	0.000001
P	0.000001	0.000001	0.000001	0.000001
Q	0.379648	0.028597	0.507113	0.851495
R	0.095116	0.017224	0.000008	0.000008
S	0.001359	0.000000	0.000000	0.000000
T	0.000020	0.000020	0.000020	0.000020
U	0.000004	0.000004	0.000004	0.000004
V	0.000002	0.000002	0.000002	0.000002
W	0.000002	0.000002	0.000002	0.000002
X	0.012820	0.113918	0.183661	0.000014
Y	0.127425	0.000008	0.000008	0.000008
Z	0.000000	0.000000	0.000000	0.000000
a	0.000015	0.000015	0.000015	0.000015
b	0.000008	0.000008	0.000008	0.000008
