A	0.000001	0.000001	0.000001	0.000001
B	0.000001	0.000001	0.000001	0.000001
C	0.106779	0.019402	0.737600	0.029879
D	0.057275	0.000001	0.000001	0.000001
E	0.000000	0.000000	0.000000	0.000000
F	0.000001	0.000001	0.000001	0.016364
G	0.000002	0.000002	0.000002	0.000002
H	0.000000	0.000000	0.000000	0.000000
I	0.000000	0.000000	0.000000	0.000000
J	0.034741	0.000921	0.021331	0.018438
K	0.039323	0.000002	0.000002	0.000002
L	0.000000	0.000000	0.000000	0.000000
M	0.000003	0.000003	0.000003	0.012138
N	0.000001	0.000001	0.000001	0.000001
O	0.000000	0.000000	0.000000	0.000000
P	0.000000	0.000000	0.000000	0.000000
Q	0.008826	0.000001	0.001458	0.002385
R	0.004156	0.000002	0.000002	0.000002
S	0.000000	0.000000	0.000000	0.000000
T	0.000003	0.000003	0.000003	0.006587
U	0.000001	0.000001	0.000001	0.000001
V	0.000000	0.000000	0.000000	0.000000
W	0.000000	0.000000	0.000000	0.000000
X	0.661750	0.979649	0.239584	0.896832
Y	0.087129	0.000002	0.000002	0.000002
Z	0.000000	0.000000	0.000000	0.000000
a	0.000003	0.000003	0.000003	0.017361
b	0.000002	0.000002	0.000002	0.000002
