A	0.196156	0.464922	0.534632	0.169198
B	0.000002	0.000002	0.000002	0.103570
C	0.000000	0.000000	0.000000	0.000000
D	0.168170	0.122102	0.000002	0.066003
E	0.000003	0.000003	0.000003	0.000003
F	0.000001	0.000001	0.000001	0.000001
G	0.000000	0.000000	0.000000	0.000000
H	0.000001	0.000001	0.000001	0.000001
I	0.000003	0.000003	0.000003	0.000003
J	0.000001	0.000001	0.000001	0.024568
K	0.000000	0.000000	0.000000	0.000000
L	0.001143	0.000001	0.007337	0.005253
M	0.442576	0.357845	0.458013	0.565519
N	0.000002	0.000002	0.000002	0.035866
O	0.007644	0.000000	0.000000	0.000000
P	0.184297	0.055117	0.000001	0.030013
