A	0.356853	0.000028	0.000028	0.000028	0.000028	0.000028
B	0.000030	0.000030	0.000030	0.405710	0.377472	0.000030
C	0.000006	0.000006	0.000006	0.000006	0.000006	0.000006
D	0.000027	0.000027	0.000027	0.000027	0.000027	0.000027
E	0.135037	0.984041	0.000045	0.000045	0.000045	0.000045
F	0.000021	0.015692	0.345550	0.000021	0.389943	0.000021
G	0.000004	0.000004	0.000004	0.000004	0.000004	0.000004
H	0.000017	0.000017	0.000017	0.000017	0.000017	0.000017
I	0.151350	0.000046	0.000046	0.000046	0.000046	0.999714
J	0.000012	0.000012	0.000012	0.594000	0.232315	0.000012
K	0.000002	0.000002	0.000002	0.000002	0.000002	0.000002
L	0.003268	0.000008	0.000008	0.000008	0.000008	0.000008
M	0.353326	0.000040	0.000040	0.000040	0.000040	0.000040
N	0.000024	0.000024	0.654162	0.000024	0.000024	0.000024
O	0.000004	0.000004	0.000004	0.000004	0.000004	0.000004
P	0.000018	0.000018	0.000018	0.000018	0.000018	0.000018
