A	0.000022	0.000022	0.000022	0.000022
B	0.000021	0.000021	0.000021	0.000021
C	0.000136	0.000136	0.000136	0.000136
D	0.011840	0.000053	0.000053	0.000053
E	0.000003	0.000003	0.000003	0.000003
F	0.088117	0.000059	0.021480	0.000059
G	0.376837	0.143269	0.000095	0.998815
H	0.000011	0.000011	0.000011	0.000011
I	0.000012	0.000012	0.000012	0.000012
J	0.000073	0.000073	0.000073	0.000073
K	0.008058	0.000060	0.022070	0.000060
L	0.000001	0.000001	0.000001	0.000001
M	0.075969	0.000090	0.000090	0.000090
N	0.035384	0.000043	0.955333	0.000043
O	0.000005	0.000005	0.000005	0.000005
P	0.000007	0.000007	0.000007	0.000007
Q	0.000051	0.000051	0.000051	0.000051
R	0.007924	0.000049	0.000049	0.000049
S	0.000001	0.000001	0.000001	0.000001
T	0.026223	0.000133	0.000133	0.000133
U	0.146729	0.617150	0.000027	0.000027
V	0.000013	0.000013	0.000013	0.000013
W	0.000013	0.000013	0.000013	0.000013
X	0.000093	0.000093	0.000093	0.000093
Y	0.000053	0.000053	0.000053	0.000053
Z	0.000001	0.000001	0.000001	0.000001
a	0.076437	0.000103	0.000103	0.000103
b	0.145967	0.238476	0.000053	0.000053
