A	0.000000	0.000000	0.000000	0.000000
B	0.000000	0.000000	0.000000	0.000000
C	0.000057	0.000001	0.004935	0.101832
D	0.000000	0.000000	0.000000	0.000000
E	0.000000	0.000000	0.000000	0.000000
F	0.000000	0.000000	0.000756	0.006346
G	0.000001	0.000001	0.000001	0.000001
H	0.000000	0.000000	0.000000	0.000000
I	0.000000	0.000000	0.000000	0.000000
J	0.984631	0.005434	0.089173	0.063946
K	0.000000	0.000000	0.000000	0.000000
L	0.000000	0.000000	0.000000	0.000000
M	0.000001	0.000001	0.067256	0.025346
N	0.000000	0.000000	0.000000	0.000000
O	0.000000	0.000000	0.000000	0.000000
P	0.000000	0.000000	0.000000	0.000000
Q	0.015269	0.994545	0.784256	0.179092
R	0.000000	0.000000	0.000000	0.000000
S	0.000000	0.000000	0.000000	0.000000
T	0.000001	0.000001	0.038127	0.384349
U	0.000000	0.000000	0.000000	0.000000
V	0.000000	0.000000	0.000000	0.000000
W	0.000000	0.000000	0.000000	0.000000
X	0.000037	0.000014	0.007611	0.195852
Y	0.000000	0.000000	0.000000	0.000000
Z	0.000000	0.000000	0.000000	0.000000
a	0.000001	0.000001	0.007882	0.043233
b	0.000000	0.000000	0.000000	0.000000
