A	0.000004	0.000004	0.000004	0.000004
B	0.000004	0.000004	0.000004	0.000004
C	0.000027	0.000027	0.260200	0.393295
D	0.000009	0.000009	0.000009	0.000009
E	0.000001	0.000001	0.000001	0.000001
F	0.000010	0.000010	0.000010	0.001081
G	0.000017	0.000017	0.000017	0.000017
H	0.000002	0.000002	0.000002	0.000002
I	0.000003	0.000003	0.000003	0.000003
J	0.000015	0.210726	0.455923	0.111074
K	0.000010	0.000010	0.000010	0.000010
L	0.000000	0.000000	0.000000	0.000000
M	0.000015	0.000015	0.000015	0.053729
N	0.000008	0.000008	0.000008	0.000008
O	0.000001	0.000001	0.000001	0.000001
P	0.000002	0.000002	0.000002	0.000002
Q	0.999780	0.000010	0.000010	0.261591
R	0.000008	0.000008	0.000008	0.000008
S	0.000000	0.000000	0.000000	0.000000
T	0.000022	0.000022	0.000022	0.000022
U	0.000005	0.000005	0.000005	0.000005
V	0.000002	0.000002	0.000002	0.000002
W	0.000003	0.000003	0.000003	0.000003
X	0.000018	0.789077	0.283706	0.177198
Y	0.000008	0.000008	0.000008	0.000008
Z	0.000000	0.000000	0.000000	0.000000
a	0.000017	0.000017	0.000017	0.001912
b	0.000010	0.000010	0.000010	0.000010
