A	0.005566	0.000008	0.021149	0.060899
B	0.746283	0.043265	0.499052	0.173701
C	0.000002	0.000002	0.000002	0.000002
D	0.000009	0.000009	0.000009	0.006676
E	0.002712	0.000011	0.034123	0.033335
F	0.031943	0.036002	0.109480	0.042895
G	0.000001	0.000001	0.000001	0.000001
H	0.000004	0.000004	0.000004	0.001378
I	0.015015	0.000014	0.100498	0.416601
J	0.134643	0.881512	0.105486	0.140119
K	0.000001	0.000001	0.000001	0.000001
L	0.000002	0.000002	0.000002	0.005842
M	0.002538	0.000012	0.035582	0.032569
N	0.061275	0.039151	0.094607	0.077053
O	0.000001	0.000001	0.000001	0.000001
P	0.000005	0.000005	0.000005	0.008928
