A	0.005068	0.031480	0.000008	0.037246
B	0.056463	0.000009	0.000009	0.046615
C	0.004966	0.002426	0.002718	0.000002
D	0.045994	0.000008	0.000205	0.005413
E	0.305141	0.155208	0.495003	0.011554
F	0.002830	0.000005	0.000005	0.016973
G	0.000001	0.000001	0.000001	0.001028
H	0.012916	0.007962	0.081665	0.003228
I	0.244151	0.798485	0.118195	0.760327
J	0.044033	0.000003	0.000003	0.005913
K	0.000000	0.000297	0.000000	0.000187
L	0.194563	0.000002	0.046454	0.109397
M	0.054227	0.000010	0.086381	0.000010
N	0.003498	0.000006	0.000006	0.002102
O	0.001788	0.004094	0.000001	0.000001
P	0.024363	0.000004	0.169347	0.000004
