A	0.000004	0.000004	0.000004	0.000004
B	0.110181	0.000004	0.000004	0.131060
C	0.000001	0.000001	0.000001	0.000001
D	0.000004	0.000004	0.000004	0.000004
E	0.000006	0.000006	0.000006	0.023268
F	0.000003	0.808480	0.000003	0.068541
G	0.000001	0.000001	0.000001	0.000001
H	0.000002	0.000002	0.000002	0.000002
I	0.000006	0.000006	0.000006	0.546935
J	0.806790	0.182207	0.999955	0.009170
K	0.000000	0.000000	0.000000	0.000000
L	0.000001	0.000001	0.000001	0.000001
M	0.000006	0.000006	0.000006	0.017700
N	0.082992	0.009274	0.000003	0.203310
O	0.000001	0.000001	0.000001	0.000001
P	0.000003	0.000003	0.000003	0.000003
