A	0.000011	0.000011	0.000011	0.000011	0.000011	0.000011
B	0.000014	0.000014	0.000014	0.000014	0.000014	0.000014
C	0.000002	0.000002	0.000002	0.000002	0.000002	0.000002
D	0.403947	0.562600	0.461799	0.000012	0.673095	0.243656
E	0.000016	0.000016	0.000016	0.000016	0.000016	0.000016
F	0.000008	0.000008	0.000008	0.000008	0.000008	0.000008
G	0.000001	0.000001	0.000001	0.000001	0.000001	0.000001
H	0.232850	0.119323	0.000006	0.000006	0.030090	0.038076
I	0.000019	0.000019	0.000019	0.000019	0.000019	0.000019
J	0.000005	0.000005	0.000005	0.000005	0.000005	0.000005
K	0.000001	0.000001	0.000001	0.000001	0.000001	0.000001
L	0.000003	0.000003	0.000003	0.165894	0.041715	0.169027
M	0.000016	0.000016	0.000016	0.000016	0.000016	0.000016
N	0.000009	0.000009	0.000009	0.000009	0.000009	0.000009
O	0.000001	0.000001	0.000001	0.000001	0.000001	0.000001
P	0.363095	0.317969	0.538087	0.833983	0.254995	0.549137
