A	0.000166	0.000003	0.000003	0.000003
B	0.000004	0.000004	0.000004	0.000004
C	0.000001	0.000001	0.000001	0.000001
D	0.086758	0.000004	0.999966	0.999966
E	0.000703	0.000004	0.000004	0.000004
F	0.000002	0.000002	0.000002	0.000002
G	0.000000	0.000000	0.000000	0.000000
H	0.007236	0.000002	0.000002	0.000002
I	0.001333	0.000005	0.000005	0.000005
J	0.000001	0.000001	0.000001	0.000001
K	0.000000	0.000000	0.000000	0.000000
L	0.003934	0.000001	0.000001	0.000001
M	0.172172	0.000005	0.000005	0.000005
N	0.000003	0.000003	0.000003	0.000003
O	0.000000	0.000000	0.000000	0.000000
P	0.727685	0.999964	0.000002	0.000002
