A	0.000009	0.026752	0.030173	0.019792
B	0.000007	0.000007	0.000007	0.074200
C	0.000003	0.000003	0.000003	0.001200
D	0.000010	0.112721	0.170486	0.552869
E	0.000010	0.083582	0.299606	0.005718
F	0.000004	0.000004	0.000004	0.002049
G	0.000002	0.000002	0.000002	0.000002
H	0.000004	0.056750	0.041427	0.018877
I	0.000011	0.483275	0.081995	0.036417
J	0.042279	0.000003	0.000003	0.005179
K	0.000001	0.000001	0.000001	0.000001
L	0.957641	0.013735	0.185221	0.097244
M	0.000010	0.077384	0.100096	0.148782
N	0.000004	0.000004	0.000004	0.007596
O	0.000001	0.000001	0.000001	0.000832
P	0.000005	0.145776	0.090972	0.029244
