A	0.000579	0.000001	0.000001	0.000355
B	0.175101	0.828163	0.804475	0.175045
C	0.000119	0.000006	0.000006	0.000146
D	0.000003	0.000003	0.066161	0.058233
E	0.000000	0.000000	0.000000	0.000000
F	0.006190	0.001207	0.000003	0.000003
G	0.002657	0.000004	0.000004	0.000301
H	0.000001	0.000001	0.000001	0.000424
I	0.043570	0.017866	0.049114	0.095778
J	0.000425	0.000004	0.000004	0.000043
K	0.000004	0.000004	0.005114	0.077197
L	0.000000	0.000000	0.000000	0.000000
M	0.031045	0.013652	0.000005	0.000005
N	0.000042	0.000002	0.000002	0.000379
O	0.000707	0.000000	0.000000	0.000211
P	0.004306	0.003623	0.003896	0.014477
Q	0.000177	0.000002	0.000002	0.000648
R	0.000002	0.000002	0.004088	0.013162
S	0.000000	0.000000	0.000000	0.000000
T	0.005543	0.000933	0.000006	0.000006
U	0.000783	0.000001	0.000001	0.001332
V	0.000105	0.000001	0.000001	0.000522
W	0.528947	0.123675	0.064692	0.515861
X	0.001080	0.000004	0.000004	0.000483
Y	0.000003	0.000003	0.002413	0.044252
Z	0.000000	0.000000	0.000000	0.000000
a	0.197110	0.010841	0.000005	0.000005
b	0.001502	0.000003	0.000003	0.001131
