A	0.000010	0.000010	0.000010	0.007772
B	0.035165	0.000014	0.000014	0.099587
C	0.000003	0.000003	0.000003	0.000003
D	0.000011	0.000011	0.000011	0.000011
E	0.000014	0.000014	0.000014	0.000014
F	0.021876	0.015785	0.807961	0.156314
G	0.000002	0.000002	0.000002	0.000002
H	0.000006	0.000006	0.000006	0.000006
I	0.019902	0.000017	0.000017	0.000017
J	0.664413	0.158427	0.175339	0.127775
K	0.000001	0.000001	0.000001	0.000001
L	0.000003	0.000003	0.000003	0.000003
M	0.000013	0.000013	0.000013	0.000013
N	0.258572	0.825685	0.016596	0.608472
O	0.000002	0.000002	0.000002	0.000002
P	0.000007	0.000007	0.000007	0.000007
