A	0.000007	0.000007	0.000007	0.000007	0.000007	0.000007
B	0.000007	0.000007	0.000007	0.000007	0.000007	0.000007
C	0.131704	0.521483	0.165977	0.384001	0.593104	0.114706
D	0.000008	0.000008	0.000008	0.000008	0.000008	0.000008
E	0.000010	0.000010	0.000010	0.000010	0.000010	0.000010
F	0.000004	0.000004	0.000004	0.000004	0.000004	0.000004
G	0.173550	0.000002	0.252888	0.011178	0.088127	0.082149
H	0.000004	0.000004	0.000004	0.000004	0.000004	0.000004
I	0.000009	0.000009	0.000009	0.000009	0.000009	0.000009
J	0.000002	0.000002	0.000002	0.000002	0.000002	0.000002
K	0.148328	0.336256	0.060168	0.048330	0.076237	0.595093
L	0.000002	0.000002	0.000002	0.000002	0.000002	0.000002
M	0.000009	0.000009	0.000009	0.000009	0.000009	0.000009
N	0.000004	0.000004	0.000004	0.000004	0.000004	0.000004
O	0.546347	0.142188	0.520897	0.556421	0.242462	0.207981
P	0.000004	0.000004	0.000004	0.000004	0.000004	0.000004
