A	0.000004	0.000004	0.000004	0.000004
B	0.000004	0.000004	0.000004	0.000004
C	0.070921	0.189200	0.000023	0.000023
D	0.170973	0.047526	0.000009	0.000009
E	0.000000	0.000000	0.000000	0.000000
F	0.000010	0.000010	0.000010	0.000010
G	0.000016	0.000016	0.000016	0.000016
H	0.000002	0.000002	0.000002	0.000002
I	0.000002	0.000002	0.000002	0.000002
J	0.101882	0.125605	0.999806	0.999806
K	0.088867	0.112850	0.000010	0.000010
L	0.000000	0.000000	0.000000	0.000000
M	0.000013	0.000013	0.000013	0.000013
N	0.000007	0.000007	0.000007	0.000007
O	0.000001	0.000001	0.000001	0.000001
P	0.000001	0.000001	0.000001	0.000001
Q	0.039915	0.092668	0.000007	0.000007
R	0.205380	0.078017	0.000007	0.000007
S	0.000000	0.000000	0.000000	0.000000
T	0.000019	0.000019	0.000019	0.000019
U	0.000004	0.000004	0.000004	0.000004
V	0.000002	0.000002	0.000002	0.000002
W	0.000003	0.000003	0.000003	0.000003
X	0.161373	0.271191	0.000016	0.000016
Y	0.160576	0.082831	0.000009	0.000009
Z	0.000000	0.000000	0.000000	0.000000
a	0.000017	0.000017	0.000017	0.000017
b	0.000009	0.000009	0.000009	0.000009
