A	0.006023	0.557258	0.338861	0.495115	0.213761	0.097796
B	0.093378	0.000001	0.000001	0.000001	0.000001	0.030153
C	0.013522	0.000000	0.000000	0.000000	0.000000	0.001001
D	0.139722	0.000001	0.000001	0.000001	0.179260	0.246996
E	0.004599	0.000001	0.000001	0.000001	0.000001	0.000001
F	0.044376	0.000001	0.000001	0.000001	0.000001	0.000001
G	0.007136	0.000000	0.000000	0.000000	0.000000	0.000000
H	0.089620	0.000001	0.000001	0.000001	0.077307	0.095709
I	0.000002	0.000002	0.000002	0.000002	0.000002	0.000002
J	0.000000	0.000000	0.000000	0.000000	0.000000	0.000000
K	0.001950	0.000000	0.000000	0.000000	0.000000	0.000517
L	0.043002	0.000000	0.000000	0.000000	0.074210	0.073864
M	0.325457	0.334401	0.661129	0.504875	0.328480	0.280899
N	0.091538	0.000001	0.000001	0.000001	0.000001	0.017724
O	0.012335	0.000000	0.000000	0.000000	0.000000	0.000000
P	0.127339	0.108331	0.000001	0.000001	0.126975	0.155337
