A	0.125084	0.000007	0.000007	0.140674
B	0.000008	0.000008	0.000008	0.000008
C	0.000001	0.000001	0.000001	0.000001
D	0.197271	0.000007	0.009096	0.240336
E	0.089675	0.000008	0.148842	0.000008
F	0.000004	0.000004	0.000004	0.000004
G	0.000001	0.000001	0.000001	0.000001
H	0.101604	0.000003	0.214573	0.019221
I	0.049595	0.000009	0.000009	0.444030
J	0.000002	0.000002	0.000002	0.000002
K	0.000000	0.000000	0.000000	0.000000
L	0.077278	0.999929	0.063536	0.154916
M	0.144747	0.000009	0.417770	0.000009
N	0.000006	0.000006	0.000006	0.000006
O	0.000001	0.000001	0.000001	0.000001
P	0.214722	0.000004	0.146144	0.000781
