A	0.000000	0.000000	0.000000	0.000000	0.131870
B	0.000000	0.000000	0.000000	0.002545	0.110596
C	0.000000	0.000000	0.000000	0.000000	0.000000
D	0.000000	0.000000	0.000000	0.000000	0.000000
E	0.000001	0.000001	0.000001	0.000001	0.066116
F	0.032552	0.200059	0.000000	0.025791	0.086878
G	0.000000	0.000000	0.000000	0.000000	0.000000
H	0.000000	0.000000	0.000000	0.000000	0.000000
I	0.000001	0.000001	0.000001	0.000001	0.060619
J	0.415997	0.157589	0.296074	0.112204	0.264052
K	0.000000	0.000000	0.000000	0.000000	0.000000
L	0.000000	0.000000	0.000000	0.000000	0.000000
M	0.000001	0.000001	0.000001	0.000001	0.004500
N	0.551447	0.642349	0.703922	0.859458	0.275368
O	0.000000	0.000000	0.000000	0.000000	0.000000
P	0.000000	0.000000	0.000000	0.000000	0.000000
