A	0.002977	0.009560	0.000001	0.000001
B	0.000001	0.000001	0.138178	0.159841
C	0.006070	0.000007	0.000007	0.000007
D	0.000003	0.000003	0.000003	0.035731
E	0.000000	0.000000	0.153750	0.098864
F	0.178349	0.069832	0.012363	0.000003
G	0.025111	0.004885	0.000005	0.000005
H	0.000001	0.000001	0.000001	0.000001
I	0.000001	0.000001	0.024839	0.112530
J	0.002517	0.000004	0.000004	0.000004
K	0.000003	0.000003	0.000003	0.018758
L	0.000000	0.000000	0.108217	0.092211
M	0.432916	0.575997	0.337132	0.041621
N	0.016986	0.000002	0.000002	0.000002
O	0.014551	0.000507	0.000000	0.005048
P	0.000000	0.000000	0.054041	0.110899
Q	0.003004	0.000002	0.000002	0.000002
R	0.000003	0.000003	0.000003	0.086009
S	0.003515	0.029196	0.000000	0.090605
T	0.134406	0.118642	0.000006	0.000006
U	0.064638	0.012818	0.000001	0.000001
V	0.006356	0.000001	0.000001	0.000001
W	0.000001	0.000001	0.031685	0.067321
X	0.005537	0.000005	0.000005	0.000005
Y	0.000003	0.000003	0.000003	0.015464
Z	0.000000	0.000000	0.071300	0.057750
a	0.085062	0.178523	0.068444	0.007306
b	0.017990	0.000003	0.000003	0.000003
