A	0.008162	0.000000	0.000000	0.014825
B	0.956121	0.999522	0.895998	0.398649
C	0.000000	0.000000	0.000000	0.000000
D	0.000000	0.000000	0.000000	0.000000
E	0.002748	0.000001	0.000001	0.009468
F	0.004589	0.000004	0.025811	0.055952
G	0.000000	0.000000	0.000000	0.000000
H	0.000000	0.000000	0.000000	0.000000
I	0.003139	0.000001	0.000001	0.046854
J	0.016338	0.000308	0.016748	0.341936
K	0.000000	0.000000	0.000000	0.000000
L	0.000000	0.000000	0.000000	0.000000
M	0.003420	0.000001	0.000001	0.025767
N	0.005482	0.000163	0.061440	0.106547
O	0.000000	0.000000	0.000000	0.000000
P	0.000000	0.000000	0.000000	0.000000
