A	0.000035	0.000035	0.000035	0.000035	0.000035
B	0.076726	0.000043	0.000043	0.000043	0.000043
C	0.000007	0.000007	0.000007	0.000007	0.000007
D	0.110883	0.000038	0.000038	0.777555	0.322369
E	0.207279	0.000050	0.999643	0.000050	0.000050
F	0.000024	0.000024	0.000024	0.000024	0.000024
G	0.000004	0.000004	0.000004	0.000004	0.000004
H	0.217187	0.000018	0.000018	0.222094	0.117471
I	0.000058	0.000058	0.000058	0.000058	0.000058
J	0.000016	0.000016	0.000016	0.000016	0.000016
K	0.000003	0.000003	0.000003	0.000003	0.000003
L	0.000010	0.000010	0.000010	0.000010	0.055654
M	0.064853	0.999641	0.000048	0.000048	0.160168
N	0.256942	0.000028	0.000028	0.000028	0.000028
O	0.000004	0.000004	0.000004	0.000004	0.000004
P	0.065967	0.000020	0.000020	0.000020	0.344065
