A	0.000001	0.000001	0.000001	0.000001	0.000001
B	0.000002	0.000002	0.000002	0.000002	0.000002
C	0.323004	0.000005	0.433574	0.552761	0.366032
D	0.000003	0.000003	0.000003	0.000003	0.000003
E	0.000001	0.000001	0.000001	0.000001	0.000001
F	0.000003	0.000003	0.000003	0.000003	0.014594
G	0.000005	0.000005	0.000005	0.000005	0.000005
H	0.000000	0.000000	0.000000	0.000000	0.000000
I	0.000001	0.000001	0.000001	0.000001	0.000001
J	0.000003	0.003049	0.179196	0.040385	0.091438
K	0.000004	0.000004	0.000004	0.000004	0.000004
L	0.000000	0.000000	0.000000	0.000000	0.000000
M	0.000003	0.000003	0.000003	0.000003	0.093624
N	0.000002	0.000002	0.000002	0.000002	0.000002
O	0.000000	0.000000	0.000000	0.000000	0.000000
P	0.000001	0.000001	0.000001	0.000001	0.000001
Q	0.553383	0.996898	0.000002	0.280657	0.249859
R	0.064804	0.000003	0.000003	0.000003	0.000003
S	0.000000	0.000000	0.000000	0.000000	0.000000
T	0.000005	0.000005	0.000005	0.000005	0.022105
U	0.000001	0.000001	0.000001	0.000001	0.000001
V	0.000000	0.000000	0.000000	0.000000	0.000000
W	0.000001	0.000001	0.000001	0.000001	0.000001
X	0.058764	0.000003	0.387183	0.126151	0.146297
Y	0.000003	0.000003	0.000003	0.000003	0.000003
Z	0.000000	0.000000	0.000000	0.000000	0.000000
a	0.000004	0.000004	0.000004	0.000004	0.016020
b	0.000002	0.000002	0.000002	0.000002	0.000002
