A	0.000147	0.000147	0.015887	0.000147
B	0.000143	0.000143	0.000143	0.000143
C	0.000057	0.000057	0.228143	0.998496
D	0.000161	0.000161	0.000161	0.000161
E	0.000198	0.000198	0.452664	0.000198
F	0.000081	0.000081	0.000081	0.000081
G	0.000036	0.000036	0.009377	0.000036
H	0.000084	0.000084	0.000084	0.000084
I	0.998617	0.000178	0.043793	0.000178
J	0.000042	0.000042	0.000042	0.000042
K	0.000018	0.000018	0.052566	0.000018
L	0.000042	0.000042	0.000042	0.000042
M	0.000172	0.998611	0.163004	0.000172
N	0.000084	0.000084	0.000084	0.000084
O	0.000033	0.000033	0.033844	0.000033
P	0.000084	0.000084	0.000084	0.000084
