A	0.580488	0.000026	0.000026	0.000026
B	0.000031	0.000031	0.000031	0.000031
C	0.000005	0.000005	0.000005	0.018793
D	0.000027	0.159659	0.000027	0.059168
E	0.045796	0.000034	0.045952	0.000034
F	0.000017	0.000017	0.000017	0.000017
G	0.000003	0.000003	0.000003	0.000003
H	0.000013	0.041050	0.019387	0.111192
I	0.100683	0.000042	0.000042	0.604019
J	0.000012	0.000012	0.000012	0.000012
K	0.000002	0.000002	0.000002	0.018076
L	0.000007	0.582170	0.434796	0.002533
M	0.047633	0.216911	0.467889	0.000036
N	0.000021	0.000021	0.000021	0.000021
O	0.000003	0.000003	0.000003	0.000003
P	0.225260	0.000015	0.031788	0.186037
