A	0.000006	0.000006	0.000006	0.000006	0.000006	0.000006
B	0.000008	0.000008	0.000008	0.000008	0.000008	0.000008
C	0.027806	0.005323	0.002548	0.000037	0.003543	0.982881
D	0.011870	0.000017	0.000017	0.000017	0.000017	0.000017
E	0.000001	0.000001	0.000001	0.000001	0.000001	0.000001
F	0.000017	0.000017	0.000017	0.000017	0.000017	0.001410
G	0.000026	0.000026	0.000026	0.000026	0.000026	0.000026
H	0.000004	0.000004	0.000004	0.000004	0.000004	0.000004
I	0.000005	0.000005	0.000005	0.000005	0.000005	0.000005
J	0.001816	0.000969	0.002371	0.662148	0.022254	0.004543
K	0.013060	0.000024	0.000024	0.000024	0.000024	0.000024
L	0.000000	0.000000	0.000000	0.000000	0.000000	0.000000
M	0.000032	0.000032	0.000032	0.000032	0.000032	0.000161
N	0.000016	0.000016	0.000016	0.000016	0.000016	0.000016
O	0.000002	0.000002	0.000002	0.000002	0.000002	0.000002
P	0.000003	0.000003	0.000003	0.000003	0.000003	0.000003
Q	0.929072	0.011910	0.001411	0.337486	0.002310	0.005005
R	0.005385	0.000017	0.000017	0.000017	0.000017	0.000017
S	0.000000	0.000000	0.000000	0.000000	0.000000	0.000000
T	0.000040	0.000040	0.000040	0.000040	0.000040	0.000121
U	0.000008	0.000008	0.000008	0.000008	0.000008	0.000008
V	0.000004	0.000004	0.000004	0.000004	0.000004	0.000004
W	0.000005	0.000005	0.000005	0.000005	0.000005	0.000005
X	0.006494	0.981497	0.993369	0.000029	0.971593	0.005625
Y	0.004271	0.000017	0.000017	0.000017	0.000017	0.000017
Z	0.000000	0.000000	0.000000	0.000000	0.000000	0.000000
a	0.000032	0.000032	0.000032	0.000032	0.000032	0.000075
b	0.000017	0.000017	0.000017	0.000017	0.000017	0.000017
