A	0.000043	0.000043	0.000043	0.000043	0.020210
B	0.000061	0.000061	0.000061	0.000061	0.000061
C	0.000011	0.000011	0.000011	0.000011	0.000011
D	0.011151	0.349570	0.015235	0.111627	0.110308
E	0.000062	0.000062	0.000062	0.007280	0.000062
F	0.000037	0.000037	0.000037	0.000037	0.000037
G	0.000008	0.000008	0.000008	0.000008	0.000008
H	0.010885	0.000025	0.007923	0.216624	0.195906
I	0.000073	0.000073	0.000073	0.000073	0.014921
J	0.000024	0.000024	0.000024	0.000024	0.000024
K	0.000004	0.000004	0.000004	0.000004	0.000004
L	0.006162	0.649949	0.004006	0.095210	0.052291
M	0.011098	0.000057	0.000057	0.000057	0.015130
N	0.000042	0.000042	0.000042	0.000042	0.000042
O	0.000008	0.000008	0.000008	0.000008	0.000008
P	0.960334	0.000028	0.972408	0.568893	0.590978
