A	0.000000	0.000000	0.000000	0.000118	0.001980
B	0.132277	0.167877	0.460014	0.000896	0.202532
C	0.000001	0.000001	0.000001	0.000001	0.000115
D	0.000000	0.000000	0.044072	0.033809	0.063915
E	0.000000	0.000000	0.000000	0.000000	0.000000
F	0.007298	0.000229	0.000000	0.000000	0.000000
G	0.000001	0.000001	0.000001	0.000001	0.008058
H	0.000000	0.000000	0.000000	0.000000	0.002491
I	0.300342	0.400698	0.022636	0.528993	0.207031
J	0.000001	0.000001	0.000001	0.000001	0.000001
K	0.000001	0.000001	0.024956	0.176194	0.211284
L	0.000000	0.000000	0.000000	0.000000	0.000000
M	0.248962	0.149510	0.000379	0.000001	0.000001
N	0.000000	0.000000	0.000000	0.000613	0.004102
O	0.000000	0.000000	0.000000	0.000000	0.000077
P	0.121097	0.043729	0.322367	0.003285	0.098632
Q	0.000000	0.000000	0.000000	0.000000	0.000472
R	0.000000	0.000000	0.040450	0.052574	0.088059
S	0.000000	0.000000	0.000000	0.000000	0.000000
T	0.007485	0.000319	0.000001	0.000001	0.000001
U	0.010106	0.000000	0.000000	0.000900	0.013668
V	0.000000	0.000000	0.000000	0.000153	0.002904
W	0.113440	0.207067	0.075800	0.151990	0.036780
X	0.000001	0.000001	0.000001	0.000001	0.000001
Y	0.000000	0.000000	0.009160	0.049098	0.045436
Z	0.000000	0.000000	0.000000	0.000000	0.000000
a	0.058986	0.030564	0.000158	0.000001	0.000001
b	0.000000	0.000000	0.000000	0.001369	0.012460
