A	0.026583	0.001870	0.003093	0.008474
B	0.011629	0.000001	0.000001	0.000001
C	0.000007	0.000007	0.000007	0.066836
D	0.094157	0.002842	0.145106	0.112725
E	0.003539	0.000213	0.000207	0.000997
F	0.003031	0.000003	0.000003	0.000003
G	0.222994	0.021552	0.005216	0.054103
H	0.016505	0.000938	0.001065	0.001613
I	0.001798	0.000001	0.000001	0.000001
J	0.000004	0.000004	0.000004	0.017178
K	0.008754	0.846566	0.722346	0.573226
L	0.008819	0.000271	0.000000	0.000000
M	0.019346	0.000709	0.000006	0.000006
N	0.076213	0.000522	0.010432	0.014074
O	0.023953	0.000568	0.005034	0.005397
P	0.001185	0.000001	0.000001	0.000001
Q	0.000002	0.000002	0.000002	0.010596
R	0.049931	0.014099	0.061073	0.027790
S	0.008840	0.000091	0.000000	0.000000
T	0.010131	0.001510	0.000007	0.000007
U	0.049867	0.036223	0.010237	0.005336
V	0.080900	0.010987	0.001644	0.005718
W	0.002962	0.000001	0.000001	0.000001
X	0.000005	0.000005	0.000005	0.064097
Y	0.082313	0.017108	0.009853	0.018586
Z	0.006338	0.000199	0.000000	0.000000
a	0.014311	0.000721	0.000006	0.000006
b	0.175882	0.042987	0.024649	0.013231
