A	0.146118	0.000020	0.000020	0.000020	0.000020	0.000020
B	0.000022	0.000022	0.000022	0.000022	0.165358	0.999784
C	0.000005	0.000005	0.000005	0.000005	0.000005	0.000005
D	0.076893	0.000019	0.000019	0.000019	0.000019	0.000019
E	0.000032	0.000032	0.999794	0.999794	0.000032	0.000032
F	0.000015	0.000015	0.000015	0.000015	0.305887	0.000015
G	0.000003	0.000003	0.000003	0.000003	0.000003	0.000003
H	0.000012	0.000012	0.000012	0.000012	0.000012	0.000012
I	0.051074	0.000033	0.000033	0.000033	0.000033	0.000033
J	0.000008	0.000008	0.000008	0.000008	0.000008	0.000008
K	0.000002	0.000002	0.000002	0.000002	0.000002	0.000002
L	0.038370	0.000006	0.000006	0.000006	0.000006	0.000006
M	0.685763	0.999791	0.000029	0.000029	0.000029	0.000029
N	0.000017	0.000017	0.000017	0.000017	0.528569	0.000017
O	0.001653	0.000003	0.000003	0.000003	0.000003	0.000003
P	0.000013	0.000013	0.000013	0.000013	0.000013	0.000013
