A	0.000011	0.000011	0.185519	0.010682
B	0.000012	0.000012	0.000012	0.000012
C	0.000003	0.000003	0.000003	0.000003
D	0.000011	0.000011	0.000011	0.014044
E	0.000018	0.000018	0.224888	0.143947
F	0.000008	0.000008	0.000008	0.000008
G	0.000002	0.000002	0.000002	0.000002
H	0.000006	0.000006	0.000006	0.002293
I	0.000018	0.000018	0.000018	0.207277
J	0.000005	0.000005	0.045397	0.000005
K	0.000001	0.000001	0.000001	0.000001
L	0.000003	0.000003	0.000003	0.006432
M	0.000016	0.000016	0.417242	0.602436
N	0.999878	0.999878	0.126882	0.000009
O	0.000002	0.000002	0.000002	0.000002
P	0.000007	0.000007	0.000007	0.012848
