A	0.000001	0.000001	0.000001	0.000001	0.000001	0.000001
B	0.021755	0.687801	0.221901	0.121071	0.239124	0.519417
C	0.000008	0.000008	0.000008	0.000008	0.000008	0.000008
D	0.000005	0.000005	0.000005	0.000005	0.000005	0.000005
E	0.000001	0.000001	0.000001	0.000001	0.000001	0.000001
F	0.000004	0.000004	0.000004	0.000004	0.000004	0.000004
G	0.000007	0.000007	0.000007	0.000007	0.000007	0.000007
H	0.000001	0.000001	0.000001	0.000001	0.000001	0.000001
I	0.244521	0.011287	0.174135	0.000002	0.123764	0.124631
J	0.000005	0.000005	0.000005	0.000005	0.000005	0.000005
K	0.000006	0.000006	0.000006	0.000006	0.000006	0.000006
L	0.000000	0.000000	0.000000	0.000000	0.000000	0.000000
M	0.000006	0.000006	0.000006	0.000006	0.000006	0.000006
N	0.000004	0.000004	0.000004	0.000004	0.000004	0.000004
O	0.000000	0.000000	0.000000	0.000000	0.000000	0.000000
P	0.045619	0.297132	0.076949	0.299865	0.037391	0.167838
Q	0.000002	0.000002	0.000002	0.000002	0.000002	0.000002
R	0.000004	0.000004	0.000004	0.000004	0.000004	0.000004
S	0.000000	0.000000	0.000000	0.000000	0.000000	0.000000
T	0.000006	0.000006	0.000006	0.000006	0.000006	0.000006
U	0.000002	0.000002	0.000002	0.000002	0.000002	0.000002
V	0.000001	0.000001	0.000001	0.000001	0.000001	0.000001
W	0.688023	0.003697	0.526932	0.578980	0.599640	0.188032
X	0.000005	0.000005	0.000005	0.000005	0.000005	0.000005
Y	0.000004	0.000004	0.000004	0.000004	0.000004	0.000004
Z	0.000001	0.000001	0.000001	0.000001	0.000001	0.000001
a	0.000006	0.000006	0.000006	0.000006	0.000006	0.000006
b	0.000004	0.000004	0.000004	0.000004	0.000004	0.000004
