A	0.000003	0.000003	0.000003	0.000003	0.000003	0.000003
B	0.000004	0.000004	0.000004	0.000004	0.000004	0.000004
C	0.694836	0.768709	0.206190	0.089370	0.997176	0.225798
D	0.011479	0.000008	0.000008	0.000008	0.000008	0.000008
E	0.000000	0.000000	0.000000	0.000000	0.000000	0.000000
F	0.000008	0.000008	0.000008	0.000008	0.000008	0.005817
G	0.000012	0.000012	0.000012	0.000012	0.000012	0.000012
H	0.000002	0.000002	0.000002	0.000002	0.000002	0.000002
I	0.000003	0.000003	0.000003	0.000003	0.000003	0.000003
J	0.099364	0.084203	0.612509	0.001487	0.000012	0.173515
K	0.005374	0.000011	0.000011	0.000011	0.000011	0.000011
L	0.000000	0.000000	0.000000	0.000000	0.000000	0.000000
M	0.000015	0.000015	0.000015	0.000015	0.000015	0.008978
N	0.000008	0.000008	0.000008	0.000008	0.000008	0.000008
O	0.000001	0.000001	0.000001	0.000001	0.000001	0.000001
P	0.000001	0.000001	0.000001	0.000001	0.000001	0.000001
Q	0.012768	0.063369	0.004307	0.000007	0.001032	0.004822
R	0.001712	0.000008	0.000008	0.000008	0.000008	0.000008
S	0.000000	0.000000	0.000000	0.000000	0.000000	0.000000
T	0.000018	0.000018	0.000018	0.000018	0.000018	0.000018
U	0.000004	0.000004	0.000004	0.000004	0.000004	0.000004
V	0.000002	0.000002	0.000002	0.000002	0.000002	0.000002
W	0.000003	0.000003	0.000003	0.000003	0.000003	0.000003
X	0.172616	0.083576	0.176851	0.908993	0.001637	0.576251
Y	0.001744	0.000009	0.000009	0.000009	0.000009	0.000009
Z	0.000000	0.000000	0.000000	0.000000	0.000000	0.000000
a	0.000015	0.000015	0.000015	0.000015	0.000015	0.004713
b	0.000008	0.000008	0.000008	0.000008	0.000008	0.000008
