A	0.000009	0.000009	0.000009	0.000009
B	0.000007	0.000007	0.000007	0.000007
C	0.000055	0.000055	0.000055	0.000055
D	0.011555	0.000018	0.000018	0.000018
E	0.000001	0.000001	0.000001	0.000001
F	0.663546	0.004567	0.001565	0.007377
G	0.222991	0.950887	0.267423	0.970760
H	0.000004	0.000004	0.000004	0.000004
I	0.000004	0.000004	0.000004	0.000004
J	0.000029	0.000029	0.000029	0.000029
K	0.000187	0.000020	0.000020	0.000020
L	0.000000	0.000000	0.000000	0.000000
M	0.000523	0.003477	0.020052	0.000084
N	0.000828	0.027473	0.006064	0.000059
O	0.000002	0.000002	0.000002	0.000002
P	0.000003	0.000003	0.000003	0.000003
Q	0.000020	0.000020	0.000020	0.000020
R	0.004952	0.003466	0.000017	0.000017
S	0.000000	0.000000	0.000000	0.000000
T	0.010135	0.002930	0.035144	0.004089
U	0.023793	0.004519	0.057688	0.008422
V	0.000005	0.000005	0.000005	0.000005
W	0.000005	0.000005	0.000005	0.000005
X	0.000037	0.000037	0.000037	0.000037
Y	0.012135	0.000019	0.000019	0.000019
Z	0.000000	0.000000	0.000000	0.000000
a	0.031225	0.002299	0.041144	0.004809
b	0.017948	0.000145	0.570666	0.004145
