A	0.016435	0.000002	0.013100	0.013079
B	0.000002	0.000002	0.000002	0.008130
C	0.045131	0.016904	0.003726	0.000011
D	0.000004	0.000004	0.000685	0.004648
E	0.003606	0.000000	0.015700	0.026736
F	0.093413	0.010687	0.015071	0.059176
G	0.019272	0.000007	0.027391	0.019482
H	0.012080	0.000001	0.000585	0.036699
I	0.000001	0.000001	0.000682	0.005588
J	0.032855	0.042053	0.010473	0.000007
K	0.000005	0.000005	0.000005	0.002074
L	0.000194	0.000000	0.003639	0.011627
M	0.020967	0.777936	0.061557	0.038760
N	0.031217	0.000004	0.024790	0.033981
O	0.024851	0.000000	0.005894	0.007878
P	0.000001	0.000001	0.000813	0.004593
Q	0.392244	0.042342	0.001364	0.000004
R	0.000004	0.000004	0.000286	0.009925
S	0.002805	0.000000	0.008311	0.011004
T	0.089618	0.047334	0.553167	0.503887
U	0.046411	0.000002	0.021544	0.071010
V	0.021180	0.000001	0.030964	0.032236
W	0.000001	0.000001	0.003407	0.003054
X	0.047030	0.046693	0.021249	0.000008
Y	0.000003	0.000003	0.000003	0.003089
Z	0.001644	0.000000	0.004441	0.016491
a	0.075992	0.016010	0.148927	0.043631
b	0.023036	0.000004	0.022224	0.033193
