A	0.000441	0.000194	0.000000	0.000871	0.000570
B	0.261361	0.217939	0.180479	0.346946	0.053507
C	0.000002	0.000002	0.000002	0.000002	0.000041
D	0.000001	0.000001	0.030914	0.101476	0.113585
E	0.000000	0.000000	0.000000	0.000000	0.000000
F	0.058724	0.009083	0.000001	0.000001	0.000001
G	0.001266	0.000039	0.000001	0.000001	0.001543
H	0.000000	0.000000	0.000000	0.000000	0.000154
I	0.107545	0.149661	0.170794	0.068996	0.302338
J	0.000001	0.000001	0.000001	0.000001	0.000001
K	0.000001	0.000001	0.022380	0.155196	0.258063
L	0.000000	0.000000	0.000000	0.000000	0.000000
M	0.294029	0.183649	0.054863	0.000001	0.000001
N	0.000001	0.000001	0.000001	0.000001	0.000987
O	0.000000	0.000000	0.000000	0.000000	0.000043
P	0.084331	0.092851	0.082767	0.148129	0.005232
Q	0.000001	0.000001	0.000001	0.000001	0.000001
R	0.000001	0.000001	0.033132	0.071341	0.087283
S	0.000000	0.000000	0.000000	0.000000	0.000000
T	0.022930	0.019870	0.000167	0.000002	0.000002
U	0.009016	0.001789	0.000000	0.001706	0.006946
V	0.000116	0.000000	0.000000	0.000308	0.000908
W	0.060211	0.256105	0.385507	0.048867	0.025237
X	0.000001	0.000001	0.000001	0.000001	0.000117
Y	0.000001	0.000001	0.014804	0.056151	0.139027
Z	0.000000	0.000000	0.000000	0.000000	0.000000
a	0.099993	0.068811	0.024183	0.000001	0.000001
b	0.000028	0.000001	0.000001	0.000001	0.004412
