A	0.000013	0.000013	0.000013	0.000013
B	0.000018	0.000018	0.000018	0.000018
C	0.283511	0.000082	0.000082	0.000082
D	0.008521	0.000038	0.000038	0.000038
E	0.000002	0.000002	0.000002	0.000002
F	0.000037	0.000037	0.000037	0.000037
G	0.000058	0.000058	0.000058	0.000058
H	0.000008	0.000008	0.000008	0.000008
I	0.000012	0.000012	0.000012	0.000012
J	0.240000	0.999161	0.000056	0.000056
K	0.008774	0.000052	0.000052	0.000052
L	0.000001	0.000001	0.000001	0.000001
M	0.000069	0.000069	0.000069	0.000069
N	0.000035	0.000035	0.000035	0.000035
O	0.000003	0.000003	0.000003	0.000003
P	0.000006	0.000006	0.000006	0.000006
Q	0.019502	0.000031	0.999137	0.999137
R	0.000036	0.000036	0.000036	0.000036
S	0.000000	0.000000	0.000000	0.000000
T	0.000085	0.000085	0.000085	0.000085
U	0.000017	0.000017	0.000017	0.000017
V	0.000009	0.000009	0.000009	0.000009
W	0.000013	0.000013	0.000013	0.000013
X	0.306841	0.000065	0.000065	0.000065
Y	0.132318	0.000039	0.000039	0.000039
Z	0.000001	0.000001	0.000001	0.000001
a	0.000071	0.000071	0.000071	0.000071
b	0.000039	0.000039	0.000039	0.000039
