A	0.005164	0.000001	0.009124	0.050082	0.089110	0.133078
B	0.120690	0.134238	0.147237	0.169551	0.104222	0.071579
C	0.000000	0.000000	0.000000	0.000000	0.000000	0.001179
D	0.000001	0.000001	0.000001	0.000203	0.006847	0.043028
E	0.012695	0.000001	0.007922	0.052736	0.217343	0.099631
F	0.104799	0.536685	0.162573	0.277027	0.114171	0.041805
G	0.000000	0.000000	0.000000	0.000000	0.000000	0.000283
H	0.000000	0.000000	0.000000	0.000116	0.014909	0.047363
I	0.026915	0.000001	0.013323	0.090010	0.140435	0.274442
J	0.568196	0.148475	0.219422	0.176399	0.091155	0.038539
K	0.000000	0.000000	0.000000	0.000000	0.000000	0.000465
L	0.000000	0.000000	0.000000	0.000555	0.010639	0.040816
M	0.019118	0.000001	0.006759	0.063756	0.087739	0.114614
N	0.142421	0.180596	0.433638	0.119445	0.112940	0.043562
O	0.000000	0.000000	0.000000	0.000000	0.000000	0.000525
P	0.000000	0.000000	0.000000	0.000119	0.010491	0.049091
