A	0.000000	0.000000	0.000000	0.000000
B	0.000000	0.000000	0.000000	0.000000
C	0.248058	0.153276	0.000001	0.000001
D	0.053056	0.017612	0.000001	0.000001
E	0.000000	0.000000	0.000000	0.000000
F	0.000001	0.000001	0.000001	0.000001
G	0.000001	0.000001	0.000001	0.000001
H	0.000000	0.000000	0.000000	0.000000
I	0.000000	0.000000	0.000000	0.000000
J	0.175393	0.140296	0.999989	0.996224
K	0.208216	0.026227	0.000001	0.000001
L	0.000000	0.000000	0.000000	0.000000
M	0.000001	0.000001	0.000001	0.000001
N	0.000000	0.000000	0.000000	0.000000
O	0.000000	0.000000	0.000000	0.000000
P	0.000000	0.000000	0.000000	0.000000
Q	0.099774	0.139390	0.000000	0.003765
R	0.063992	0.024439	0.000000	0.000000
S	0.000000	0.000000	0.000000	0.000000
T	0.000001	0.000001	0.000001	0.000001
U	0.000000	0.000000	0.000000	0.000000
V	0.000000	0.000000	0.000000	0.000000
W	0.000000	0.000000	0.000000	0.000000
X	0.113888	0.474718	0.000001	0.000001
Y	0.037616	0.024035	0.000001	0.000001
Z	0.000000	0.000000	0.000000	0.000000
a	0.000001	0.000001	0.000001	0.000001
b	0.000001	0.000001	0.000001	0.000001
