A	0.000056	0.000056	0.000056	0.031485
B	0.234096	0.000081	0.033151	0.159314
C	0.000014	0.000014	0.000014	0.000014
D	0.000064	0.000064	0.000064	0.000064
E	0.000078	0.000078	0.000078	0.019827
F	0.000046	0.822161	0.631343	0.763297
G	0.000009	0.000009	0.000009	0.000009
H	0.000032	0.000032	0.000032	0.000032
I	0.062371	0.000093	0.000093	0.000093
J	0.605631	0.015756	0.311325	0.000031
K	0.000005	0.000005	0.000005	0.000005
L	0.000018	0.000018	0.000018	0.000018
M	0.000075	0.000075	0.000075	0.000075
N	0.097460	0.161512	0.023691	0.025690
O	0.000009	0.000009	0.000009	0.000009
P	0.000037	0.000037	0.000037	0.000037
