A	0.000006	0.052741	0.000006	0.328570
B	0.000008	0.000008	0.000008	0.027727
C	0.000001	0.000001	0.000001	0.000001
D	0.095354	0.000007	0.000007	0.167816
E	0.000008	0.565467	0.695003	0.154102
F	0.000005	0.000005	0.000005	0.000005
G	0.000001	0.000001	0.000001	0.000001
H	0.195846	0.381736	0.280976	0.048179
I	0.291974	0.000010	0.000010	0.000010
J	0.000003	0.000003	0.000003	0.006778
K	0.000001	0.000001	0.000001	0.000001
L	0.352558	0.000002	0.023961	0.032723
M	0.064223	0.000008	0.000008	0.088106
N	0.000006	0.000006	0.000006	0.072472
O	0.000001	0.000001	0.000001	0.000001
P	0.000004	0.000004	0.000004	0.073508
