A	0.000006	0.000006	0.000006	0.000006
B	0.000006	0.000006	0.000006	0.000006
C	0.256176	0.700749	0.026756	0.465588
D	0.000006	0.000006	0.000006	0.000006
E	0.000010	0.000010	0.000010	0.000010
F	0.000004	0.000004	0.000004	0.000004
G	0.034710	0.000001	0.000001	0.020816
H	0.000004	0.000004	0.000004	0.000004
I	0.000010	0.000010	0.000010	0.000010
J	0.000002	0.000002	0.000002	0.000002
K	0.000001	0.000001	0.000001	0.027988
L	0.000002	0.000002	0.000002	0.000002
M	0.000009	0.000009	0.000009	0.000009
N	0.000005	0.000005	0.000005	0.000005
O	0.709046	0.299182	0.973176	0.485540
P	0.000004	0.000004	0.000004	0.000004
