A	0.000011	0.000011	0.000011	0.000011	0.000011
B	0.000029	0.000029	0.000029	0.000029	0.000029
C	0.886036	0.000073	0.824162	0.000073	0.872140
D	0.041262	0.000041	0.000041	0.000041	0.000041
E	0.000010	0.000010	0.000010	0.000010	0.000010
F	0.000035	0.000035	0.000035	0.000035	0.018406
G	0.000062	0.000062	0.000062	0.000062	0.000062
H	0.000005	0.000005	0.000005	0.000005	0.000005
I	0.000018	0.000018	0.000018	0.000018	0.000018
J	0.012562	0.186150	0.061049	0.025449	0.000067
K	0.001744	0.000051	0.000051	0.000051	0.000051
L	0.000004	0.000004	0.000004	0.000004	0.000004
M	0.000050	0.000050	0.000050	0.000050	0.000692
N	0.000033	0.000033	0.000033	0.000033	0.000033
O	0.000002	0.000002	0.000002	0.000002	0.000002
P	0.000009	0.000009	0.000009	0.000009	0.000009
Q	0.002454	0.596922	0.020599	0.000022	0.090803
R	0.001470	0.000036	0.000036	0.000036	0.000036
S	0.000002	0.000002	0.000002	0.000002	0.000002
T	0.000055	0.000055	0.000055	0.000055	0.008557
U	0.000017	0.000017	0.000017	0.000017	0.000017
V	0.000006	0.000006	0.000006	0.000006	0.000006
W	0.000017	0.000017	0.000017	0.000017	0.000017
X	0.035540	0.216234	0.093570	0.973836	0.005823
Y	0.018478	0.000039	0.000039	0.000039	0.000039
Z	0.000004	0.000004	0.000004	0.000004	0.000004
a	0.000049	0.000049	0.000049	0.000049	0.003082
b	0.000033	0.000033	0.000033	0.000033	0.000033
