A	0.011351	0.000014	0.000014	0.000682
B	0.966409	0.285579	0.237885	0.917421
C	0.000005	0.000005	0.000005	0.000005
D	0.000015	0.000015	0.000015	0.000015
E	0.000309	0.000018	0.000018	0.000019
F	0.006937	0.010060	0.047789	0.000635
G	0.000003	0.000003	0.000003	0.000003
H	0.000008	0.000008	0.000008	0.000008
I	0.000028	0.000016	0.000016	0.000826
J	0.004694	0.598202	0.007674	0.030767
K	0.000002	0.000002	0.000002	0.000002
L	0.000004	0.000004	0.000004	0.000004
M	0.000347	0.000016	0.000016	0.006331
N	0.009879	0.106048	0.706540	0.043271
O	0.000003	0.000003	0.000003	0.000003
P	0.000008	0.000008	0.000008	0.000008
