A	0.000001	0.000001	0.000001	0.000001
B	0.000001	0.000001	0.000001	0.000001
C	0.020009	0.015290	0.009555	0.170441
D	0.000002	0.000002	0.000002	0.000002
E	0.000000	0.000000	0.000000	0.000000
F	0.000002	0.000002	0.000002	0.018549
G	0.000003	0.000003	0.000003	0.000003
H	0.000000	0.000000	0.000000	0.000000
I	0.000001	0.000001	0.000001	0.000001
J	0.000003	0.643619	0.372176	0.249151
K	0.000002	0.000002	0.000002	0.000002
L	0.000000	0.000000	0.000000	0.000000
M	0.000003	0.000003	0.000003	0.000003
N	0.000002	0.000002	0.000002	0.000002
O	0.000000	0.000000	0.000000	0.000000
P	0.000000	0.000000	0.000000	0.000000
Q	0.752469	0.088681	0.259547	0.362941
R	0.055805	0.000002	0.000002	0.000002
S	0.000000	0.000000	0.000000	0.000000
T	0.000004	0.000004	0.000004	0.049801
U	0.000001	0.000001	0.000001	0.000001
V	0.000000	0.000000	0.000000	0.000000
W	0.000001	0.000001	0.000001	0.000001
X	0.171686	0.252379	0.358692	0.149092
Y	0.000002	0.000002	0.000002	0.000002
Z	0.000000	0.000000	0.000000	0.000000
a	0.000003	0.000003	0.000003	0.000003
b	0.000002	0.000002	0.000002	0.000002
