A	0.011799	0.005843	0.010748	0.003516
B	0.018872	0.001865	0.000000	0.000000
C	0.000002	0.000002	0.001857	0.042970
D	0.071651	0.168412	0.187205	0.143645
E	0.069430	0.057231	0.005880	0.000000
F	0.009384	0.000034	0.000001	0.000001
G	0.026399	0.011924	0.006806	0.007097
H	0.009475	0.015564	0.005309	0.019130
I	0.012369	0.000410	0.000000	0.000000
J	0.000001	0.000001	0.003198	0.040709
K	0.039912	0.084960	0.166596	0.093661
L	0.046195	0.022963	0.000000	0.001173
M	0.016736	0.002100	0.000002	0.000002
N	0.011309	0.043850	0.018436	0.017186
O	0.018837	0.004520	0.011627	0.002029
P	0.014075	0.000998	0.000000	0.000000
Q	0.000001	0.000001	0.013608	0.095775
R	0.318467	0.280379	0.439706	0.038094
S	0.055380	0.031565	0.000000	0.000000
T	0.023840	0.000623	0.000002	0.000002
U	0.088667	0.046396	0.040112	0.047851
V	0.015231	0.027177	0.001027	0.010117
W	0.010919	0.001783	0.000000	0.000000
X	0.000001	0.000001	0.001173	0.036363
Y	0.037239	0.130471	0.060707	0.363196
Z	0.046635	0.021201	0.000000	0.002115
a	0.014674	0.000684	0.000002	0.000002
b	0.012497	0.039041	0.025997	0.035367
