A	0.006081	0.000026	0.030738	0.031404
B	0.000025	0.000025	0.000025	0.000659
C	0.045016	0.057217	0.393111	0.158552
D	0.000028	0.000028	0.000028	0.002320
E	0.001363	0.000035	0.032189	0.019910
F	0.000014	0.000014	0.000014	0.003815
G	0.092514	0.868251	0.246751	0.083985
H	0.000015	0.000015	0.000015	0.001428
I	0.010591	0.000031	0.021323	0.073026
J	0.000007	0.000007	0.000007	0.002697
K	0.834753	0.048403	0.126577	0.474042
L	0.000007	0.000007	0.000007	0.015801
M	0.002336	0.000030	0.024072	0.043307
N	0.000015	0.000015	0.000015	0.004604
O	0.007218	0.025880	0.125113	0.076512
P	0.000015	0.000015	0.000015	0.007938
