A	0.000015	0.052474	0.022797	0.062369
B	0.011352	0.048123	0.247458	0.025312
C	0.000004	0.000004	0.000004	0.002710
D	0.000017	0.000017	0.000017	0.043433
E	0.000022	0.018064	0.544488	0.086818
F	0.040791	0.053708	0.033515	0.153325
G	0.000003	0.000003	0.000003	0.005634
H	0.000009	0.000009	0.000009	0.029469
I	0.000026	0.093243	0.060918	0.359441
J	0.885288	0.657366	0.040077	0.021121
K	0.000002	0.000002	0.000002	0.003179
L	0.000005	0.000005	0.000005	0.028594
M	0.000020	0.050891	0.011315	0.078548
N	0.062434	0.026080	0.039381	0.033041
O	0.000003	0.000003	0.000003	0.012167
P	0.000010	0.000010	0.000010	0.054838
