A	0.000004	0.000004	0.000004	0.000302
B	0.000004	0.999961	0.000004	0.033983
C	0.000001	0.000001	0.000001	0.000001
D	0.000003	0.000003	0.000003	0.000003
E	0.000006	0.000006	0.000006	0.052066
F	0.000003	0.000003	0.000003	0.031078
G	0.000001	0.000001	0.000001	0.000001
H	0.000002	0.000002	0.000002	0.000002
I	0.000006	0.000006	0.000006	0.653664
J	0.000001	0.000001	0.999958	0.165847
K	0.000000	0.000000	0.000000	0.000000
L	0.000001	0.000001	0.000001	0.000001
M	0.000005	0.000005	0.000005	0.006668
N	0.999960	0.000003	0.000003	0.056381
O	0.000001	0.000001	0.000001	0.000001
P	0.000002	0.000002	0.000002	0.000002
