A	0.005877	0.210854	0.013561	0.004019
B	0.000028	0.000025	0.000025	0.025679
C	0.000083	0.001166	0.000146	0.011948
D	0.000024	0.000025	0.000583	0.059373
E	0.760435	0.706113	0.975423	0.746077
F	0.000049	0.000017	0.000017	0.018076
G	0.006539	0.004714	0.000406	0.045367
H	0.001546	0.000087	0.005647	0.023208
I	0.000096	0.001170	0.000039	0.000039
J	0.000322	0.000010	0.000010	0.000359
K	0.001435	0.001766	0.000022	0.000635
L	0.000008	0.000007	0.000071	0.000009
M	0.207721	0.065548	0.003822	0.016388
N	0.001158	0.000020	0.000020	0.006697
O	0.009270	0.002491	0.000173	0.034545
P	0.005408	0.005987	0.000035	0.007581
