A	0.003023	0.078455	0.096669	0.194654
B	0.000009	0.000009	0.000009	0.000009
C	0.430513	0.200562	0.290443	0.055238
D	0.000008	0.000008	0.000008	0.007351
E	0.033245	0.072909	0.147681	0.175545
F	0.000005	0.000005	0.000005	0.000005
G	0.234745	0.207017	0.169400	0.269278
H	0.000004	0.000004	0.000004	0.001192
I	0.003297	0.000012	0.030142	0.034358
J	0.000003	0.000003	0.000003	0.000003
K	0.048783	0.065734	0.119282	0.002745
L	0.011859	0.000002	0.000002	0.013256
M	0.056026	0.001078	0.052449	0.097380
N	0.000006	0.000006	0.000006	0.000006
O	0.178472	0.374193	0.093895	0.136695
P	0.000004	0.000004	0.000004	0.012287
