A	0.067301	0.106532	0.437580	0.009962	0.004469	0.000001
B	0.038507	0.063578	0.087715	0.037912	0.888219	0.041847
C	0.001371	0.000245	0.000000	0.000000	0.000000	0.000000
D	0.026680	0.008324	0.000824	0.000429	0.000001	0.000001
E	0.385044	0.335548	0.105629	0.014867	0.002775	0.000002
F	0.035301	0.043486	0.040509	0.082467	0.009900	0.023731
G	0.001917	0.000234	0.000000	0.000000	0.000000	0.000000
H	0.022627	0.011311	0.000206	0.001806	0.000001	0.000001
I	0.067945	0.079550	0.065217	0.009093	0.002144	0.000316
J	0.013724	0.040907	0.024158	0.009460	0.044140	0.010621
K	0.000686	0.000117	0.000000	0.000000	0.000000	0.000000
L	0.013562	0.007241	0.000000	0.000375	0.000000	0.000000
M	0.229492	0.210003	0.063132	0.035286	0.004038	0.000002
N	0.068852	0.079702	0.174778	0.797214	0.044312	0.923475
O	0.001503	0.000516	0.000117	0.000000	0.000000	0.000000
P	0.025488	0.012707	0.000134	0.001127	0.000001	0.000001
