A	0.000003	0.030686	0.000003	0.000003	0.999726
B	0.448125	0.162930	0.000003	0.000003	0.000003
C	0.000001	0.000001	0.000001	0.000001	0.000001
D	0.000003	0.000003	0.000003	0.000003	0.000003
E	0.000005	0.047057	0.000005	0.000005	0.000005
F	0.132786	0.131082	0.000002	0.000002	0.000002
G	0.000000	0.000000	0.000000	0.000000	0.000242
H	0.000002	0.000002	0.000002	0.000002	0.000002
I	0.000005	0.006085	0.997199	0.999728	0.000005
J	0.212920	0.123207	0.000622	0.000001	0.000001
K	0.000000	0.000000	0.000000	0.000000	0.000000
L	0.000001	0.000001	0.000001	0.000243	0.000001
M	0.000004	0.063655	0.000004	0.000004	0.000004
N	0.206144	0.435289	0.002153	0.000003	0.000003
O	0.000000	0.000000	0.000000	0.000000	0.000000
P	0.000002	0.000002	0.000002	0.000002	0.000002
