A	0.000005	0.000005	0.000005	0.044638
B	0.000006	0.000006	0.000006	0.000006
C	0.000034	0.000034	0.000034	0.000034
D	0.000011	0.000011	0.000011	0.000011
E	0.000001	0.000001	0.000001	0.015632
F	0.000012	0.000012	0.299688	0.054872
G	0.000021	0.000021	0.000021	0.131139
H	0.000002	0.000002	0.011779	0.000002
I	0.000004	0.000004	0.000004	0.000004
J	0.000019	0.000019	0.000019	0.000019
K	0.000013	0.000013	0.000013	0.000013
L	0.000000	0.000000	0.000000	0.000000
M	0.000019	0.355824	0.000019	0.133395
N	0.000010	0.000010	0.048033	0.153639
O	0.000001	0.000001	0.000001	0.018793
P	0.000002	0.000002	0.000002	0.007520
Q	0.999720	0.000013	0.000013	0.000013
R	0.000010	0.000010	0.000010	0.000010
S	0.000000	0.000000	0.000000	0.000000
T	0.000029	0.636739	0.292964	0.150253
U	0.000006	0.000006	0.079233	0.039933
V	0.000003	0.000003	0.023507	0.032173
W	0.000004	0.000004	0.000004	0.000004
X	0.000023	0.007215	0.000023	0.000023
Y	0.000010	0.000010	0.000010	0.000010
Z	0.000000	0.000000	0.000000	0.006937
a	0.000021	0.000021	0.212862	0.178430
b	0.000012	0.000012	0.031739	0.032497
