A	0.000005	0.000005	0.000005	0.000005	0.000005	0.000005
B	0.000007	0.000007	0.000007	0.000007	0.000007	0.000007
C	0.000033	0.000033	0.000033	0.000033	0.000033	0.000033
D	0.000016	0.000016	0.000016	0.000016	0.000016	0.000016
E	0.000001	0.000001	0.000001	0.000001	0.000001	0.000001
F	0.056813	0.000015	0.999650	0.000015	0.000015	0.000015
G	0.000024	0.000024	0.000024	0.028515	0.089676	0.000024
H	0.000003	0.000003	0.000003	0.000003	0.000003	0.000003
I	0.000005	0.000005	0.000005	0.000005	0.000005	0.000005
J	0.000023	0.000023	0.000023	0.000023	0.000023	0.000023
K	0.000021	0.000021	0.000021	0.000021	0.000021	0.000021
L	0.000000	0.000000	0.000000	0.000000	0.000000	0.000759
M	0.051233	0.000028	0.000028	0.000028	0.000028	0.000028
N	0.000014	0.000014	0.000014	0.000014	0.000014	0.082848
O	0.000001	0.000001	0.000001	0.000001	0.001313	0.000001
P	0.000003	0.000003	0.000003	0.000003	0.000003	0.000003
Q	0.023386	0.000012	0.000012	0.000012	0.000012	0.000012
R	0.000015	0.000015	0.000015	0.000015	0.000015	0.000015
S	0.000000	0.000000	0.000000	0.000000	0.000000	0.000000
T	0.389257	0.999669	0.000034	0.000034	0.908705	0.000034
U	0.004502	0.000007	0.000007	0.000007	0.000007	0.000007
V	0.008150	0.000003	0.000003	0.000003	0.000003	0.000003
W	0.000005	0.000005	0.000005	0.000005	0.000005	0.000005
X	0.301831	0.000027	0.000027	0.000027	0.000027	0.000027
Y	0.000016	0.000016	0.000016	0.000016	0.000016	0.000016
Z	0.000000	0.000000	0.000000	0.000000	0.000000	0.000000
a	0.164617	0.000029	0.000029	0.971172	0.000029	0.916071
b	0.000016	0.000016	0.000016	0.000016	0.000016	0.000016
