A	0.000503	0.000885	0.040743	0.207203
B	0.000022	0.000022	0.000022	0.003243
C	0.000005	0.000005	0.000005	0.000005
D	0.006492	0.005371	0.153672	0.105116
E	0.037793	0.000032	0.284128	0.091711
F	0.000015	0.000015	0.000015	0.003780
G	0.000003	0.000003	0.000003	0.000003
H	0.916003	0.984557	0.000012	0.076618
I	0.019969	0.000569	0.183397	0.078577
J	0.000008	0.000008	0.000008	0.004065
K	0.000002	0.000002	0.000002	0.000002
L	0.000005	0.002417	0.020576	0.037384
M	0.000029	0.000315	0.018492	0.278274
N	0.000017	0.000017	0.000017	0.005844
O	0.000003	0.000003	0.000003	0.000003
P	0.019130	0.005780	0.298905	0.108172
