A	0.000001	0.000001	0.000001	0.000001
B	0.000003	0.000003	0.000003	0.000003
C	0.000009	0.000009	0.000009	0.000009
D	0.000005	0.000005	0.000005	0.000005
E	0.855447	0.000001	0.447699	0.841932
F	0.000004	0.000004	0.000004	0.000004
G	0.000007	0.000007	0.000007	0.000007
H	0.000001	0.000001	0.000001	0.000001
I	0.000002	0.000002	0.000002	0.000002
J	0.000005	0.000005	0.000005	0.000005
K	0.000006	0.000006	0.000006	0.000006
L	0.050548	0.000000	0.233920	0.000000
M	0.000006	0.000006	0.000006	0.000006
N	0.000004	0.000004	0.000004	0.000004
O	0.000000	0.000000	0.000000	0.000000
P	0.000001	0.000001	0.000001	0.000001
Q	0.000003	0.000003	0.000003	0.000003
R	0.000004	0.000004	0.000004	0.000004
S	0.000000	0.601659	0.000000	0.126290
T	0.000006	0.000006	0.000006	0.000006
U	0.000002	0.000002	0.000002	0.000002
V	0.000001	0.000001	0.000001	0.000001
W	0.000002	0.000002	0.000002	0.000002
X	0.000005	0.000005	0.000005	0.000005
Y	0.000005	0.000005	0.000005	0.000005
Z	0.093914	0.398248	0.318290	0.031687
a	0.000006	0.000006	0.000006	0.000006
b	0.000004	0.000004	0.000004	0.000004
