A	0.000044	0.000044	0.000044	0.000044
B	0.000043	0.000043	0.000043	0.000043
C	0.292671	0.640429	0.000017	0.782143
D	0.000049	0.000049	0.000049	0.000049
E	0.000060	0.000060	0.000060	0.000060
F	0.000025	0.000025	0.000025	0.000025
G	0.620656	0.000011	0.000011	0.121663
H	0.000025	0.000025	0.000025	0.000025
I	0.000054	0.000054	0.000054	0.000054
J	0.000013	0.000013	0.000013	0.000013
K	0.034327	0.096448	0.000005	0.015799
L	0.000013	0.000013	0.000013	0.000013
M	0.000052	0.000052	0.000052	0.000052
N	0.000025	0.000025	0.000025	0.000025
O	0.051918	0.262684	0.999538	0.079966
P	0.000026	0.000026	0.000026	0.000026
