A	0.000001	0.000001	0.000001	0.000001
B	0.184630	0.209504	0.077516	0.139169
C	0.000006	0.000006	0.000006	0.000006
D	0.000003	0.000003	0.033914	0.147770
E	0.000001	0.000001	0.000001	0.000001
F	0.073151	0.008316	0.000003	0.000003
G	0.000005	0.000005	0.000005	0.000005
H	0.000000	0.000000	0.000000	0.000000
I	0.193972	0.504177	0.144457	0.172200
J	0.000004	0.000004	0.000004	0.000004
K	0.000004	0.000004	0.038294	0.194764
L	0.000000	0.000000	0.000000	0.000000
M	0.086156	0.049695	0.000005	0.000005
N	0.000003	0.000003	0.000003	0.000003
O	0.000000	0.000000	0.000000	0.000000
P	0.192512	0.020284	0.107955	0.066407
Q	0.000002	0.000002	0.000002	0.000002
R	0.000003	0.000003	0.015951	0.032124
S	0.000000	0.000000	0.000000	0.000000
T	0.060025	0.000919	0.000005	0.000005
U	0.000002	0.000002	0.000002	0.000002
V	0.000000	0.000000	0.000000	0.000000
W	0.106483	0.174482	0.543925	0.140378
X	0.000004	0.000004	0.000004	0.000004
Y	0.000003	0.000003	0.037938	0.107139
Z	0.000000	0.000000	0.000000	0.000000
a	0.103025	0.032575	0.000004	0.000004
b	0.000003	0.000003	0.000003	0.000003
