A	0.001939	0.000001	0.000001	0.000001
B	0.000078	0.000001	0.000001	0.000001
C	0.077782	0.717629	0.082169	0.045052
D	0.025023	0.014272	0.000001	0.000001
E	0.000567	0.000000	0.000000	0.000000
F	0.000001	0.000001	0.000001	0.003652
G	0.001788	0.000003	0.000003	0.000003
H	0.000188	0.000000	0.000000	0.000000
I	0.000001	0.000001	0.000001	0.000001
J	0.541159	0.046115	0.062220	0.229911
K	0.140433	0.009826	0.000002	0.000002
L	0.000000	0.000000	0.000000	0.000000
M	0.000003	0.000003	0.000003	0.038732
N	0.001440	0.000001	0.000001	0.000001
O	0.000055	0.000000	0.000000	0.000000
P	0.000259	0.000000	0.000000	0.000000
Q	0.077861	0.056119	0.751922	0.546238
R	0.022364	0.010249	0.000001	0.000001
S	0.000517	0.000000	0.000000	0.000000
T	0.000004	0.000004	0.000004	0.021576
U	0.002923	0.000001	0.000001	0.000001
V	0.000351	0.000000	0.000000	0.000000
W	0.000001	0.000001	0.000001	0.000001
X	0.083236	0.132008	0.103663	0.101123
Y	0.021537	0.013762	0.000001	0.000001
Z	0.000050	0.000000	0.000000	0.000000
a	0.000003	0.000003	0.000003	0.013699
b	0.000437	0.000001	0.000001	0.000001
