A	0.003472	0.105094	0.067354	0.860970
B	0.000055	0.000055	0.000055	0.008333
C	0.000010	0.000010	0.000010	0.000507
D	0.908222	0.020773	0.105567	0.037188
E	0.020810	0.009748	0.558577	0.016113
F	0.000031	0.000031	0.000031	0.003689
G	0.000005	0.000005	0.000005	0.000005
H	0.009137	0.000024	0.051854	0.037022
I	0.000947	0.013336	0.000075	0.001179
J	0.000020	0.000020	0.000020	0.000468
K	0.000003	0.000003	0.000003	0.003661
L	0.004659	0.011325	0.001700	0.000056
M	0.025245	0.038964	0.117503	0.002087
N	0.000037	0.000037	0.000037	0.000773
O	0.000006	0.000006	0.000006	0.000006
P	0.027340	0.800569	0.097201	0.027944
