A	0.000012	0.000012	0.000012	0.000012	0.000012
B	0.000017	0.026198	0.261285	0.309752	0.325168
C	0.000003	0.000003	0.000003	0.000003	0.000003
D	0.000013	0.000013	0.000013	0.000013	0.000013
E	0.000016	0.000016	0.000016	0.000016	0.041253
F	0.000010	0.301428	0.421017	0.148383	0.225388
G	0.000002	0.000002	0.000002	0.000002	0.000002
H	0.000007	0.000007	0.000007	0.000007	0.000007
I	0.000019	0.000019	0.000019	0.000019	0.082929
J	0.999860	0.000006	0.000006	0.268478	0.129175
K	0.000001	0.000001	0.000001	0.000001	0.000001
L	0.000004	0.000004	0.000004	0.000004	0.000004
M	0.000016	0.000016	0.000016	0.000016	0.000016
N	0.000012	0.672266	0.317590	0.273286	0.196019
O	0.000002	0.000002	0.000002	0.000002	0.000002
P	0.000008	0.000008	0.000008	0.000008	0.000008
